{
  "intrinsic": [
    [
      4216.48095703125,
      0.0,
      378.0
    ],
    [
      0.0,
      2777.01953125,
      238.0
    ],
    [
      0.0,
      0.0,
      1.0
    ]
  ],
  "extrinsic": [
    [
      [
        1.0,
        0.0,
        0.0,
        0.0
      ],
      [
        0.0,
        0.9961946606636047,
        -0.08715574443340302,
        -6.363930715735933e-09
      ],
      [
        0.0,
        0.08715574443340302,
        0.9961947202682495,
        0.8325307965278625
      ],
      [
        0.0,
        0.0,
        0.0,
        1.0
      ]
    ],
    [
      [
        0.9999143481254578,
        -7.877826863067483e-11,
        0.013089594431221485,
        0.000513862818479538
      ],
      [
        0.0011408334830775857,
        0.9961946606636047,
        -0.0871482715010643,
        5.829006681778992e-07
      ],
      [
        -0.0130397854372859,
        0.08715574443340302,
        0.9961093068122864,
        0.8325240612030029
      ],
      [
        0.0,
        0.0,
        0.0,
        1.0
      ]
    ],
    [
      [
        0.9996572732925415,
        1.6499758503929485e-10,
        0.026176946237683296,
        0.0010274611413478851
      ],
      [
        0.002281471388414502,
        0.9961946606636047,
        -0.08712587505578995,
        2.345479742871248e-06
      ],
      [
        -0.026077335700392723,
        0.08715574443340302,
        0.9958533048629761,
        0.8325039148330688
      ],
      [
        0.0,
        0.0,
        0.0,
        1.0
      ]
    ],
    [
      [
        0.9992290139198303,
        2.465054271816314e-10,
        0.03925981745123863,
        0.0015405360609292984
      ],
      [
        0.0034217187203466892,
        0.9961946606636047,
        -0.08708855509757996,
        5.270943802315742e-06
      ],
      [
        -0.039110422134399414,
        0.08715574443340302,
        0.9954267144203186,
        0.8324704766273499
      ],
      [
        0.0,
        0.0,
        0.0,
        1.0
      ]
    ],
    [
      [
        0.9986295104026794,
        1.4304041284773916e-10,
        0.0523359552025795,
        0.0020528100430965424
      ],
      [
        0.004561379551887512,
        0.9961946606636047,
        -0.08703630417585373,
        9.374936780659482e-06
      ],
      [
        -0.05213680490851402,
        0.08715574443340302,
        0.9948294758796692,
        0.8324235677719116
      ],
      [
        0.0,
        0.0,
        0.0,
        1.0
      ]
    ],
    [
      [
        0.9978588819503784,
        -5.080452725181317e-10,
        0.06540311872959137,
        0.0025640279054641724
      ],
      [
        0.005700257606804371,
        0.9961946606636047,
        -0.08696912974119186,
        1.4652244317403529e-05
      ],
      [
        -0.06515423953533173,
        0.08715573698282242,
        0.9940616488456726,
        0.8323632478713989
      ],
      [
        0.0,
        0.0,
        0.0,
        1.0
      ]
    ],
    [
      [
        0.9969173073768616,
        -1.91692300921531e-10,
        0.07845909148454666,
        0.0030739381909370422
      ],
      [
        0.006838160566985607,
        0.9961946606636047,
        -0.08688706904649734,
        2.1087222194182687e-05
      ],
      [
        -0.07816053181886673,
        0.08715573698282242,
        0.9931237101554871,
        0.8322896957397461
      ],
      [
        0.0,
        0.0,
        0.0,
        1.0
      ]
    ],
    [
      [
        0.9958049058914185,
        -6.560143539502405e-10,
        0.0915016159415245,
        0.0035822615027427673
      ],
      [
        0.007974890992045403,
        0.9961946606636047,
        -0.08679012209177017,
        2.868508454412222e-05
      ],
      [
        -0.09115342050790787,
        0.08715573698282242,
        0.9920156002044678,
        0.8322028517723083
      ],
      [
        0.0,
        0.0,
        0.0,
        1.0
      ]
    ],
    [
      [
        0.9945219159126282,
        1.0451717269432947e-10,
        0.10452846437692642,
        0.004088737070560455
      ],
      [
        0.009110256098210812,
        0.9961946606636047,
        -0.08667828887701035,
        3.745626236195676e-05
      ],
      [
        -0.10413070023059845,
        0.08715573698282242,
        0.9907373785972595,
        0.8321025967597961
      ],
      [
        0.0,
        0.0,
        0.0,
        1.0
      ]
    ],
    [
      [
        0.9930684566497803,
        -1.0303873310135714e-09,
        0.11753738671541214,
        0.004593104124069214
      ],
      [
        0.010244058445096016,
        0.9961946606636047,
        -0.08655161410570145,
        4.737989729619585e-05
      ],
      [
        -0.1170901209115982,
        0.08715573698282242,
        0.9892894625663757,
        0.8319891691207886
      ],
      [
        0.0,
        0.0,
        0.0,
        1.0
      ]
    ],
    [
      [
        0.9914448857307434,
        2.996873305072256e-10,
        0.13052618503570557,
        0.0050951167941093445
      ],
      [
        0.011376106180250645,
        0.9961946606636047,
        -0.08641011267900467,
        5.845598207088187e-05
      ],
      [
        -0.13002948462963104,
        0.08715574443340302,
        0.9876720905303955,
        0.8318625688552856
      ],
      [
        0.0,
        0.0,
        0.0,
        1.0
      ]
    ],
    [
      [
        0.9896513819694519,
        1.0222953594762885e-09,
        0.14349262416362762,
        0.00559447705745697
      ],
      [
        0.012506204657256603,
        0.9961946606636047,
        -0.08625379949808121,
        7.070017454680055e-05
      ],
      [
        -0.14294657111167908,
        0.08715573698282242,
        0.9858853816986084,
        0.831722617149353
      ],
      [
        0.0,
        0.0,
        0.0,
        1.0
      ]
    ],
    [
      [
        0.9876883625984192,
        8.802231166171737e-10,
        0.15643446147441864,
        0.006090983748435974
      ],
      [
        0.013634161092340946,
        0.9961946606636047,
        -0.08608270436525345,
        8.40759530547075e-05
      ],
      [
        -0.15583917498588562,
        0.08715573698282242,
        0.9839298129081726,
        0.8315697312355042
      ],
      [
        0.0,
        0.0,
        0.0,
        1.0
      ]
    ],
    [
      [
        0.9855560064315796,
        5.688431392592008e-10,
        0.1693495213985443,
        0.006584301590919495
      ],
      [
        0.014759783633053303,
        0.9961946606636047,
        -0.08589687198400497,
        9.860419959295541e-05
      ],
      [
        -0.16870509088039398,
        0.08715574443340302,
        0.9818057417869568,
        0.8314036726951599
      ],
      [
        0.0,
        0.0,
        0.0,
        1.0
      ]
    ],
    [
      [
        0.9832549095153809,
        1.732570753532059e-09,
        0.1822355091571808,
        0.007074236869812012
      ],
      [
        0.01588287018239498,
        0.9961946606636047,
        -0.08569630235433578,
        0.00011427967547206208
      ],
      [
        -0.1815420389175415,
        0.08715574443340302,
        0.9795132279396057,
        0.8312245011329651
      ],
      [
        0.0,
        0.0,
        0.0,
        1.0
      ]
    ],
    [
      [
        0.9807853102684021,
        1.412368333397751e-09,
        0.19509035348892212,
        0.007560506463050842
      ],
      [
        0.017003245651721954,
        0.9961946606636047,
        -0.08548107743263245,
        0.00013106589904055
      ],
      [
        -0.19434797763824463,
        0.08715574443340302,
        0.977053165435791,
        0.8310326337814331
      ],
      [
        0.0,
        0.0,
        0.0,
        1.0
      ]
    ],
    [
      [
        0.978147566318512,
        4.092690630841389e-09,
        0.2079116851091385,
        0.008042857050895691
      ],
      [
        0.018120696768164635,
        0.9961946606636047,
        -0.08525118976831436,
        0.00014898892550263554
      ],
      [
        -0.20712050795555115,
        0.08715575188398361,
        0.9744254946708679,
        0.8308277726173401
      ],
      [
        0.0,
        0.0,
        0.0,
        1.0
      ]
    ],
    [
      [
        0.975342333316803,
        2.2464878846051306e-09,
        0.22069744765758514,
        0.008521005511283875
      ],
      [
        0.019235050305724144,
        0.9961946606636047,
        -0.08500669151544571,
        0.00016804355254862458
      ],
      [
        -0.21985763311386108,
        0.08715574443340302,
        0.971630871295929,
        0.8306099772453308
      ],
      [
        0.0,
        0.0,
        0.0,
        1.0
      ]
    ],
    [
      [
        0.972369909286499,
        -2.3684176841953786e-09,
        0.23344537615776062,
        0.008994758129119873
      ],
      [
        0.020346105098724365,
        0.9961946606636047,
        -0.08474761992692947,
        0.00018820891273207963
      ],
      [
        -0.2325570285320282,
        0.08715572953224182,
        0.9686697125434875,
        0.8303794860839844
      ],
      [
        0.0,
        0.0,
        0.0,
        1.0
      ]
    ],
    [
      [
        0.9692309498786926,
        3.2454605669585135e-09,
        0.246153324842453,
        0.009463831782341003
      ],
      [
        0.021453674882650375,
        0.9961946606636047,
        -0.08447404950857162,
        0.00020947458688169718
      ],
      [
        -0.24521660804748535,
        0.08715575188398361,
        0.965542733669281,
        0.8301364183425903
      ],
      [
        0.0,
        0.0,
        0.0,
        1.0
      ]
    ],
    [
      [
        0.9659258127212524,
        4.702570555181751e-10,
        0.258819043636322,
        0.009927928447723389
      ],
      [
        0.022557564079761505,
        0.9961946606636047,
        -0.08418598026037216,
        0.000231845784583129
      ],
      [
        -0.25783413648605347,
        0.08715573698282242,
        0.9622501134872437,
        0.8298807144165039
      ],
      [
        0.0,
        0.0,
        0.0,
        1.0
      ]
    ],
    [
      [
        0.9624552130699158,
        -1.3226004735855668e-09,
        0.27144041657447815,
        0.010386839509010315
      ],
      [
        0.02365759201347828,
        0.9961946606636047,
        -0.08388350158929825,
        0.0002553172816988081
      ],
      [
        -0.270407497882843,
        0.08715573698282242,
        0.9587927460670471,
        0.8296124339103699
      ],
      [
        0.0,
        0.0,
        0.0,
        1.0
      ]
    ],
    [
      [
        0.9588196873664856,
        -1.6264889435291252e-10,
        0.28401532769203186,
        0.010840386152267456
      ],
      [
        0.024753566831350327,
        0.9961946606636047,
        -0.08356664329767227,
        0.00027986301574856043
      ],
      [
        -0.2829345464706421,
        0.08715573698282242,
        0.9551710486412048,
        0.8293318748474121
      ],
      [
        0.0,
        0.0,
        0.0,
        1.0
      ]
    ],
    [
      [
        0.9550199508666992,
        -5.219856102911535e-09,
        0.2965415418148041,
        0.01128821074962616
      ],
      [
        0.025845298543572426,
        0.9961946606636047,
        -0.0832354724407196,
        0.0003054830012843013
      ],
      [
        -0.2954131066799164,
        0.08715572953224182,
        0.9513857364654541,
        0.8290390372276306
      ],
      [
        0.0,
        0.0,
        0.0,
        1.0
      ]
    ],
    [
      [
        0.9510564804077148,
        4.766345096385294e-10,
        0.3090169429779053,
        0.011730104684829712
      ],
      [
        0.0269326064735651,
        0.9961946606636047,
        -0.08289003372192383,
        0.00033218241878785193
      ],
      [
        -0.30784109234809875,
        0.08715574443340302,
        0.9474374055862427,
        0.8287338614463806
      ],
      [
        0.0,
        0.0,
        0.0,
        1.0
      ]
    ],
    [
      [
        0.9469301104545593,
        4.480341653234632e-10,
        0.3214394748210907,
        0.012165874242782593
      ],
      [
        0.028015296906232834,
        0.9961946606636047,
        -0.08253040164709091,
        0.00035993001074530184
      ],
      [
        -0.3202162981033325,
        0.08715574443340302,
        0.9433267712593079,
        0.8284167051315308
      ],
      [
        0.0,
        0.0,
        0.0,
        1.0
      ]
    ],
    [
      [
        0.9426414966583252,
        2.4724693403754827e-09,
        0.3338068723678589,
        0.012595176696777344
      ],
      [
        0.029093187302350998,
        0.9961946606636047,
        -0.08215662091970444,
        0.0003887309576384723
      ],
      [
        -0.33253663778305054,
        0.08715574443340302,
        0.9390544295310974,
        0.8280875086784363
      ],
      [
        0.0,
        0.0,
        0.0,
        1.0
      ]
    ],
    [
      [
        0.9381913542747498,
        1.3533427711820423e-09,
        0.3461170792579651,
        0.013017863035202026
      ],
      [
        0.03016608953475952,
        0.9961946606636047,
        -0.08176876604557037,
        0.0004185644502285868
      ],
      [
        -0.3447999656200409,
        0.08715574443340302,
        0.934621274471283,
        0.8277465105056763
      ],
      [
        0.0,
        0.0,
        0.0,
        1.0
      ]
    ],
    [
      [
        0.9335804581642151,
        3.1975113667925825e-09,
        0.3583679795265198,
        0.013433665037155151
      ],
      [
        0.031233828514814377,
        0.9961946606636047,
        -0.08136690407991409,
        0.00044943043030798435
      ],
      [
        -0.3570042848587036,
        0.08715574443340302,
        0.9300279021263123,
        0.8273937106132507
      ],
      [
        0.0,
        0.0,
        0.0,
        1.0
      ]
    ],
    [
      [
        0.928809642791748,
        2.9288735881038974e-09,
        0.37055742740631104,
        0.013842344284057617
      ],
      [
        0.032296206802129745,
        0.9961946606636047,
        -0.08095107972621918,
        0.0004813237173948437
      ],
      [
        -0.36914733052253723,
        0.08715573698282242,
        0.9252750873565674,
        0.8270291686058044
      ],
      [
        0.0,
        0.0,
        0.0,
        1.0
      ]
    ],
    [
      [
        0.9238795042037964,
        -6.261819951447478e-10,
        0.3826834559440613,
        0.014243662357330322
      ],
      [
        0.033353060483932495,
        0.9961946606636047,
        -0.08052141219377518,
        0.0005142078152857721
      ],
      [
        -0.3812272250652313,
        0.08715573698282242,
        0.9203639030456543,
        0.8266533017158508
      ],
      [
        0.0,
        0.0,
        0.0,
        1.0
      ]
    ],
    [
      [
        0.9187911748886108,
        -1.176510222578031e-09,
        0.3947438597679138,
        0.014637410640716553
      ],
      [
        0.034404195845127106,
        0.9961946606636047,
        -0.08007793128490448,
        0.0005480931140482426
      ],
      [
        -0.3932417333126068,
        0.08715573698282242,
        0.915294885635376,
        0.8262659907341003
      ],
      [
        0.0,
        0.0,
        0.0,
        1.0
      ]
    ],
    [
      [
        0.9135454893112183,
        2.3186141895337187e-10,
        0.40673667192459106,
        0.015023291110992432
      ],
      [
        0.03544943779706955,
        0.9961946606636047,
        -0.07962074130773544,
        0.0005829588044434786
      ],
      [
        -0.4051889181137085,
        0.08715573698282242,
        0.9100691676139832,
        0.8258674740791321
      ],
      [
        0.0,
        0.0,
        0.0,
        1.0
      ]
    ],
    [
      [
        0.908143162727356,
        2.694665379721073e-09,
        0.4186597764492035,
        0.015401124954223633
      ],
      [
        0.0364886038005352,
        0.9961946606636047,
        -0.07914989441633224,
        0.0006188101251609623
      ],
      [
        -0.41706663370132446,
        0.08715573698282242,
        0.9046874046325684,
        0.8254576921463013
      ],
      [
        0.0,
        0.0,
        0.0,
        1.0
      ]
    ],
    [
      [
        0.9025852680206299,
        1.6248717926714562e-09,
        0.43051108717918396,
        0.01577073335647583
      ],
      [
        0.03752151504158974,
        0.9961946606636047,
        -0.07866549491882324,
        0.0006556104635819793
      ],
      [
        -0.42887285351753235,
        0.08715573698282242,
        0.8991506695747375,
        0.8250370621681213
      ],
      [
        0.0,
        0.0,
        0.0,
        1.0
      ]
    ],
    [
      [
        0.8968726992607117,
        3.795609604395622e-09,
        0.44228869676589966,
        0.01613190770149231
      ],
      [
        0.03854799643158913,
        0.9961946606636047,
        -0.07816760987043381,
        0.0006933442782610655
      ],
      [
        -0.44060561060905457,
        0.08715574443340302,
        0.8934598565101624,
        0.8246057629585266
      ],
      [
        0.0,
        0.0,
        0.0,
        1.0
      ]
    ],
    [
      [
        0.8910065293312073,
        1.1639025299103878e-09,
        0.45399051904678345,
        0.016484230756759644
      ],
      [
        0.03956787660717964,
        0.9961946606636047,
        -0.0776563361287117,
        0.0007320323493331671
      ],
      [
        -0.45226287841796875,
        0.08715573698282242,
        0.8876159191131592,
        0.824163556098938
      ],
      [
        0.0,
        0.0,
        0.0,
        1.0
      ]
    ],
    [
      [
        0.8849875926971436,
        6.729914403535986e-10,
        0.46561452746391296,
        0.016827702522277832
      ],
      [
        0.040580976754426956,
        0.9961946606636047,
        -0.07713175565004349,
        0.0007716225809417665
      ],
      [
        -0.4638426899909973,
        0.08715573698282242,
        0.8816199898719788,
        0.8237110376358032
      ],
      [
        0.0,
        0.0,
        0.0,
        1.0
      ]
    ],
    [
      [
        0.8788172006607056,
        2.07070449675939e-09,
        0.47715872526168823,
        0.017161935567855835
      ],
      [
        0.04158712550997734,
        0.9961946606636047,
        -0.07659395784139633,
        0.0008121306309476495
      ],
      [
        -0.4753429889678955,
        0.08715574443340302,
        0.875472903251648,
        0.823248028755188
      ],
      [
        0.0,
        0.0,
        0.0,
        1.0
      ]
    ],
    [
      [
        0.8724959492683411,
        5.1332218475863556e-09,
        0.4886212646961212,
        0.017486989498138428
      ],
      [
        0.04258614778518677,
        0.9961946606636047,
        -0.076043039560318,
        0.0008535199449397624
      ],
      [
        -0.4867618680000305,
        0.08715574443340302,
        0.869175910949707,
        0.8227749466896057
      ],
      [
        0.0,
        0.0,
        0.0,
        1.0
      ]
    ],
    [
      [
        0.8660253882408142,
        -1.2839793672725364e-09,
        0.4999999701976776,
        0.017802298069000244
      ],
      [
        0.04357786849141121,
        0.9961946606636047,
        -0.07547908276319504,
        0.0008957957616075873
      ],
      [
        -0.49809730052948,
        0.08715573698282242,
        0.8627298474311829,
        0.8222917318344116
      ],
      [
        0.0,
        0.0,
        0.0,
        1.0
      ]
    ],
    [
      [
        0.8594064116477966,
        5.301422412173906e-09,
        0.5112931728363037,
        0.018107891082763672
      ],
      [
        0.04456213489174843,
        0.9961946606636047,
        -0.07490220665931702,
        0.000938926765229553
      ],
      [
        -0.5093474984169006,
        0.08715574443340302,
        0.8561360836029053,
        0.8217987418174744
      ],
      [
        0.0,
        0.0,
        0.0,
        1.0
      ]
    ],
    [
      [
        0.8526401519775391,
        -4.612202619824757e-09,
        0.5224985480308533,
        0.01840341091156006
      ],
      [
        0.04553874954581261,
        0.9961946606636047,
        -0.0743124857544899,
        0.0009829183109104633
      ],
      [
        -0.5205102562904358,
        0.08715572953224182,
        0.8493955731391907,
        0.8212959170341492
      ],
      [
        0.0,
        0.0,
        0.0,
        1.0
      ]
    ],
    [
      [
        0.845727801322937,
        6.826435416940058e-09,
        0.5336145758628845,
        0.01868891716003418
      ],
      [
        0.046507578343153,
        0.9961946606636047,
        -0.07371004670858383,
        0.0010277179535478354
      ],
      [
        -0.5315840244293213,
        0.08715575188398361,
        0.8425096273422241,
        0.8207838535308838
      ],
      [
        0.0,
        0.0,
        0.0,
        1.0
      ]
    ],
    [
      [
        0.8386704921722412,
        -6.915881201052798e-10,
        0.5446390509605408,
        0.018963992595672607
      ],
      [
        0.04746842384338379,
        0.9961946606636047,
        -0.07309495657682419,
        0.0010733521776273847
      ],
      [
        -0.5425665378570557,
        0.08715573698282242,
        0.8354791402816772,
        0.8202622532844543
      ],
      [
        0.0,
        0.0,
        0.0,
        1.0
      ]
    ],
    [
      [
        0.8314695954322815,
        -1.0810219386314657e-10,
        0.5555702447891235,
        0.019228458404541016
      ],
      [
        0.048421137034893036,
        0.9961946606636047,
        -0.07246734946966171,
        0.0011197736021131277
      ],
      [
        -0.5534561276435852,
        0.08715573698282242,
        0.8283056020736694,
        0.8197316527366638
      ],
      [
        0.0,
        0.0,
        0.0,
        1.0
      ]
    ],
    [
      [
        0.8241262435913086,
        -5.116312262742895e-09,
        0.56640625,
        0.019482076168060303
      ],
      [
        0.049365557730197906,
        0.9961946606636047,
        -0.07182732969522476,
        0.0011669930536299944
      ],
      [
        -0.5642508864402771,
        0.08715572953224182,
        0.8209900856018066,
        0.8191919326782227
      ],
      [
        0.0,
        0.0,
        0.0,
        1.0
      ]
    ],
    [
      [
        0.8166415095329285,
        4.330828584642177e-09,
        0.5771452188491821,
        0.019724905490875244
      ],
      [
        0.05030152201652527,
        0.9961946606636047,
        -0.0711750015616417,
        0.0012149581452831626
      ],
      [
        -0.5749490261077881,
        0.08715574443340302,
        0.8135339617729187,
        0.8186436891555786
      ],
      [
        0.0,
        0.0,
        0.0,
        1.0
      ]
    ],
    [
      [
        0.80901700258255,
        3.832051564955918e-09,
        0.5877852439880371,
        0.019956469535827637
      ],
      [
        0.05122885853052139,
        0.9961946606636047,
        -0.07051046937704086,
        0.0012636949541047215
      ],
      [
        -0.5855485200881958,
        0.08715573698282242,
        0.8059383630752563,
        0.8180866241455078
      ],
      [
        0.0,
        0.0,
        0.0,
        1.0
      ]
    ],
    [
      [
        0.8012537956237793,
        1.0318681020748954e-08,
        0.5983246564865112,
        0.020176708698272705
      ],
      [
        0.052147429436445236,
        0.9961946606636047,
        -0.06983387470245361,
        0.0013131463201716542
      ],
      [
        -0.5960478186607361,
        0.08715574443340302,
        0.798204779624939,
        0.8175213932991028
      ],
      [
        0.0,
        0.0,
        0.0,
        1.0
      ]
    ],
    [
      [
        0.7933533191680908,
        2.736788573542981e-11,
        0.6087614297866821,
        0.020385444164276123
      ],
      [
        0.05305705964565277,
        0.9961946606636047,
        -0.06914529949426651,
        0.0013633172493427992
      ],
      [
        -0.6064449548721313,
        0.08715574443340302,
        0.7903344035148621,
        0.8169479370117188
      ],
      [
        0.0,
        0.0,
        0.0,
        1.0
      ]
    ],
    [
      [
        0.7853169441223145,
        9.111279730689148e-09,
        0.6190939545631409,
        0.020582616329193115
      ],
      [
        0.05395759269595146,
        0.9961946606636047,
        -0.0684448778629303,
        0.0014141816645860672
      ],
      [
        -0.6167380809783936,
        0.08715574443340302,
        0.7823285460472107,
        0.8163665533065796
      ],
      [
        0.0,
        0.0,
        0.0,
        1.0
      ]
    ],
    [
      [
        0.7771459221839905,
        -4.136460063364211e-10,
        0.6293203830718994,
        0.020767807960510254
      ],
      [
        0.05484888330101967,
        0.9961946606636047,
        -0.06773272901773453,
        0.001465739798732102
      ],
      [
        -0.6269255876541138,
        0.08715573698282242,
        0.7741886377334595,
        0.8157772421836853
      ],
      [
        0.0,
        0.0,
        0.0,
        1.0
      ]
    ],
    [
      [
        0.7688418030738831,
        -6.473195313105862e-09,
        0.6394389867782593,
        0.020941078662872314
      ],
      [
        0.05573078244924545,
        0.9961946606636047,
        -0.06700898706912994,
        0.0015179392648860812
      ],
      [
        -0.6370057463645935,
        0.08715573698282242,
        0.7659161686897278,
        0.8151805996894836
      ],
      [
        0.0,
        0.0,
        0.0,
        1.0
      ]
    ],
    [
      [
        0.760405957698822,
        5.811433112512532e-09,
        0.649448037147522,
        0.02110201120376587
      ],
      [
        0.056603122502565384,
        0.9961946606636047,
        -0.0662737488746643,
        0.0015707957791164517
      ],
      [
        -0.6469766497612,
        0.08715574443340302,
        0.7575123906135559,
        0.8145764470100403
      ],
      [
        0.0,
        0.0,
        0.0,
        1.0
      ]
    ],
    [
      [
        0.7518397569656372,
        -2.3963186990272334e-10,
        0.659345805644989,
        0.021250665187835693
      ],
      [
        0.057465776801109314,
        0.9961946606636047,
        -0.06552716344594955,
        0.0016242675483226776
      ],
      [
        -0.6568368077278137,
        0.08715573698282242,
        0.748978853225708,
        0.8139652609825134
      ],
      [
        0.0,
        0.0,
        0.0,
        1.0
      ]
    ],
    [
      [
        0.7431448698043823,
        6.2309477577571215e-09,
        0.6691306233406067,
        0.02138686180114746
      ],
      [
        0.05831857770681381,
        0.9961946606636047,
        -0.06476934254169464,
        0.0016783287283033133
      ],
      [
        -0.6665843725204468,
        0.08715575188398361,
        0.7403169274330139,
        0.813347339630127
      ],
      [
        0.0,
        0.0,
        0.0,
        1.0
      ]
    ],
    [
      [
        0.7343224883079529,
        -3.1839109126963194e-09,
        0.6788008213043213,
        0.021510303020477295
      ],
      [
        0.05916138365864754,
        0.9961946606636047,
        -0.06400042027235031,
        0.0017330051632598042
      ],
      [
        -0.6762176752090454,
        0.08715573698282242,
        0.7315281629562378,
        0.812722384929657
      ],
      [
        0.0,
        0.0,
        0.0,
        1.0
      ]
    ],
    [
      [
        0.7253744006156921,
        3.478857646399547e-09,
        0.6883545517921448,
        0.021620988845825195
      ],
      [
        0.059994056820869446,
        0.9961946606636047,
        -0.0632205456495285,
        0.001788223977200687
      ],
      [
        -0.6857351660728455,
        0.08715574443340302,
        0.7226141095161438,
        0.8120912313461304
      ],
      [
        0.0,
        0.0,
        0.0,
        1.0
      ]
    ],
    [
      [
        0.7163019776344299,
        -8.552860641941606e-10,
        0.6977904438972473,
        0.021718621253967285
      ],
      [
        0.0608164444565773,
        0.9961946606636047,
        -0.062429822981357574,
        0.0018439902924001217
      ],
      [
        -0.6951351165771484,
        0.08715572953224182,
        0.7135761380195618,
        0.8114538192749023
      ],
      [
        0.0,
        0.0,
        0.0,
        1.0
      ]
    ],
    [
      [
        0.7071067690849304,
        2.0096417863157967e-09,
        0.7071068286895752,
        0.021803200244903564
      ],
      [
        0.06162841245532036,
        0.9961946606636047,
        -0.061628419905900955,
        0.0019002832705155015
      ],
      [
        -0.7044159770011902,
        0.08715573698282242,
        0.704416036605835,
        0.810810387134552
      ],
      [
        0.0,
        0.0,
        0.0,
        1.0
      ]
    ],
    [
      [
        0.6977905035018921,
        1.848310809959841e-10,
        0.7163019776344299,
        0.021874630823731422
      ],
      [
        0.06242983043193817,
        0.9961947202682495,
        -0.0608164444565773,
        0.0019570738077163696
      ],
      [
        -0.7135761380195618,
        0.08715573698282242,
        0.6951351761817932,
        0.8101612329483032
      ],
      [
        0.0,
        0.0,
        0.0,
        1.0
      ]
    ],
    [
      [
        0.6883545517921448,
        -1.398011040265601e-09,
        0.7253744006156921,
        0.02193251997232437
      ],
      [
        0.0632205456495285,
        0.9961947202682495,
        -0.05999404937028885,
        0.0020143447909504175
      ],
      [
        -0.7226141095161438,
        0.08715574443340302,
        0.6857351064682007,
        0.8095066547393799
      ],
      [
        0.0,
        0.0,
        0.0,
        1.0
      ]
    ],
    [
      [
        0.6788008213043213,
        -2.048324565517845e-10,
        0.7343224883079529,
        0.02197696827352047
      ],
      [
        0.06400042772293091,
        0.9961947202682495,
        -0.059161391109228134,
        0.0020720832981169224
      ],
      [
        -0.7315281629562378,
        0.08715574443340302,
        0.6762177348136902,
        0.8088467121124268
      ],
      [
        0.0,
        0.0,
        0.0,
        1.0
      ]
    ],
    [
      [
        0.6691306233406067,
        -3.631800193915069e-09,
        0.7431448101997375,
        0.022007768973708153
      ],
      [
        0.06476934254169464,
        0.9961947202682495,
        -0.05831858143210411,
        0.002130261156708002
      ],
      [
        -0.7403169274330139,
        0.08715575188398361,
        0.6665843725204468,
        0.8081817030906677
      ],
      [
        0.0,
        0.0,
        0.0,
        1.0
      ]
    ],
    [
      [
        0.6593458652496338,
        1.3224747963391792e-09,
        0.7518398761749268,
        0.022024786099791527
      ],
      [
        0.06552715599536896,
        0.9961947202682495,
        -0.05746578425168991,
        0.002188863465562463
      ],
      [
        -0.7489787936210632,
        0.08715574443340302,
        0.6568368673324585,
        0.8075118660926819
      ],
      [
        0.0,
        0.0,
        0.0,
        1.0
      ]
    ],
    [
      [
        0.6494481563568115,
        -2.3649651126333993e-09,
        0.7604060173034668,
        0.02202790044248104
      ],
      [
        0.06627374142408371,
        0.9961947202682495,
        -0.05660313740372658,
        0.0022478641476482153
      ],
      [
        -0.7575122714042664,
        0.08715574443340302,
        0.6469767689704895,
        0.8068374991416931
      ],
      [
        0.0,
        0.0,
        0.0,
        1.0
      ]
    ],
    [
      [
        0.6394389867782593,
        3.139425830411824e-09,
        0.7688418626785278,
        0.02201707847416401
      ],
      [
        0.06700898706912994,
        0.9961947202682495,
        -0.05573078617453575,
        0.0023072361946105957
      ],
      [
        -0.7659161686897278,
        0.08715574443340302,
        0.6370057463645935,
        0.8061589002609253
      ],
      [
        0.0,
        0.0,
        0.0,
        1.0
      ]
    ],
    [
      [
        0.6293203234672546,
        -1.2730628773383046e-09,
        0.7771459221839905,
        0.021992066875100136
      ],
      [
        0.06773273646831512,
        0.9961947202682495,
        -0.05484888330101967,
        0.002366968896239996
      ],
      [
        -0.774188756942749,
        0.08715574443340302,
        0.6269255876541138,
        0.8054761290550232
      ],
      [
        0.0,
        0.0,
        0.0,
        1.0
      ]
    ],
    [
      [
        0.6190939545631409,
        -7.008578179618086e-12,
        0.7853169441223145,
        0.02195286564528942
      ],
      [
        0.0684448778629303,
        0.9961947202682495,
        -0.05395758897066116,
        0.002427026629447937
      ],
      [
        -0.7823284864425659,
        0.08715573698282242,
        0.6167380809783936,
        0.804789662361145
      ],
      [
        0.0,
        0.0,
        0.0,
        1.0
      ]
    ],
    [
      [
        0.6087614893913269,
        4.301039968623854e-09,
        0.7933534383773804,
        0.02189933881163597
      ],
      [
        0.06914529204368591,
        0.9961947202682495,
        -0.05305706337094307,
        0.0024873954243957996
      ],
      [
        -0.7903343439102173,
        0.08715574443340302,
        0.6064449548721313,
        0.8040996193885803
      ],
      [
        0.0,
        0.0,
        0.0,
        1.0
      ]
    ],
    [
      [
        0.5983245968818665,
        -2.3316053532340675e-09,
        0.8012537956237793,
        0.0218313317745924
      ],
      [
        0.06983387470245361,
        0.9961947202682495,
        -0.05214742571115494,
        0.002548056421801448
      ],
      [
        -0.798204779624939,
        0.08715574443340302,
        0.5960477590560913,
        0.803406298160553
      ],
      [
        0.0,
        0.0,
        0.0,
        1.0
      ]
    ],
    [
      [
        0.5877852439880371,
        1.9338048939943064e-09,
        0.80901700258255,
        0.021748827770352364
      ],
      [
        0.07051048427820206,
        0.9961947202682495,
        -0.05122885853052139,
        0.00260897702537477
      ],
      [
        -0.8059384226799011,
        0.08715574443340302,
        0.5855485200881958,
        0.8027099370956421
      ],
      [
        0.0,
        0.0,
        0.0,
        1.0
      ]
    ],
    [
      [
        0.5771451592445374,
        2.348193417489597e-09,
        0.8166415095329285,
        0.021651754155755043
      ],
      [
        0.07117500901222229,
        0.9961947202682495,
        -0.05030151829123497,
        0.0026701432652771473
      ],
      [
        -0.8135339021682739,
        0.08715574443340302,
        0.5749489665031433,
        0.8020108342170715
      ],
      [
        0.0,
        0.0,
        0.0,
        1.0
      ]
    ],
    [
      [
        0.56640625,
        2.351835393099577e-10,
        0.8241261839866638,
        0.02153998613357544
      ],
      [
        0.07182733714580536,
        0.9961947202682495,
        -0.049365561455488205,
        0.0027315285988152027
      ],
      [
        -0.8209900856018066,
        0.08715574443340302,
        0.5642508864402771,
        0.8013091683387756
      ],
      [
        0.0,
        0.0,
        0.0,
        1.0
      ]
    ],
    [
      [
        0.5555701851844788,
        2.2890647155549004e-09,
        0.8314695954322815,
        0.021413417533040047
      ],
      [
        0.07246735692024231,
        0.9961947202682495,
        -0.048421140760183334,
        0.0027931120712310076
      ],
      [
        -0.8283056020736694,
        0.08715574443340302,
        0.55345618724823,
        0.800605297088623
      ],
      [
        0.0,
        0.0,
        0.0,
        1.0
      ]
    ],
    [
      [
        0.5446391105651855,
        1.21249199569462e-09,
        0.8386706113815308,
        0.021271994337439537
      ],
      [
        0.07309494912624359,
        0.9961947202682495,
        -0.04746842756867409,
        0.0028548671398311853
      ],
      [
        -0.8354790806770325,
        0.08715573698282242,
        0.5425665378570557,
        0.7998993992805481
      ],
      [
        0.0,
        0.0,
        0.0,
        1.0
      ]
    ],
    [
      [
        0.5336145758628845,
        -4.306505374529479e-09,
        0.8457278609275818,
        0.021115617826581
      ],
      [
        0.07371003180742264,
        0.9961947202682495,
        -0.0465075746178627,
        0.002916767029091716
      ],
      [
        -0.8425095081329346,
        0.08715575188398361,
        0.5315839648246765,
        0.7991918921470642
      ],
      [
        0.0,
        0.0,
        0.0,
        1.0
      ]
    ],
    [
      [
        0.522498607635498,
        -3.162393902300664e-09,
        0.8526401519775391,
        0.02094426564872265
      ],
      [
        0.0743124857544899,
        0.9961947202682495,
        -0.045538753271102905,
        0.0029787991661578417
      ],
      [
        -0.8493956327438354,
        0.08715574443340302,
        0.5205102562904358,
        0.7984828948974609
      ],
      [
        0.0,
        0.0,
        0.0,
        1.0
      ]
    ],
    [
      [
        0.5112930536270142,
        1.4592071995167544e-09,
        0.8594063520431519,
        0.02075785957276821
      ],
      [
        0.07490219920873642,
        0.9961947202682495,
        -0.04456212744116783,
        0.003040929324924946
      ],
      [
        -0.8561360836029053,
        0.08715574443340302,
        0.5093474388122559,
        0.7977727055549622
      ],
      [
        0.0,
        0.0,
        0.0,
        1.0
      ]
    ],
    [
      [
        0.5,
        -1.248901981831807e-09,
        0.866025447845459,
        0.020556317642331123
      ],
      [
        0.07547909021377563,
        0.9961947202682495,
        -0.043577875941991806,
        0.0031031393446028233
      ],
      [
        -0.8627299070358276,
        0.08715574443340302,
        0.49809733033180237,
        0.7970616817474365
      ],
      [
        0.0,
        0.0,
        0.0,
        1.0
      ]
    ]
  ],
  "height": 476,
  "width": 756
}