{
  "intrinsic": [
    [
      4216.48095703125,
      0.0,
      378.0
    ],
    [
      0.0,
      2777.01953125,
      238.0
    ],
    [
      0.0,
      0.0,
      1.0
    ]
  ],
  "extrinsic": [
    [
      [
        1.0,
        0.0,
        0.0,
        0.0
      ],
      [
        0.0,
        0.9961946606636047,
        -0.08715574443340302,
        -6.363930715735933e-09
      ],
      [
        0.0,
        0.08715574443340302,
        0.9961947202682495,
        0.8325307965278625
      ],
      [
        0.0,
        0.0,
        0.0,
        1.0
      ]
    ],
    [
      [
        1.0,
        0.0,
        0.0,
        0.0
      ],
      [
        0.0,
        0.9961946606636047,
        -0.08715574443340302,
        -6.363930715735933e-09
      ],
      [
        0.0,
        0.08715574443340302,
        0.9961947202682495,
        0.8325307965278625
      ],
      [
        0.0,
        0.0,
        0.0,
        1.0
      ]
    ],
    [
      [
        0.9998988509178162,
        -3.2041300168650366e-11,
        -0.014229467138648033,
        9.313225746154785e-10
      ],
      [
        -0.0015379866817966104,
        0.9941417574882507,
        -0.10807368159294128,
        -6.2811391643435854e-09
      ],
      [
        0.014146107248961926,
        0.10808462649583817,
        0.9940410256385803,
        0.8346121311187744
      ],
      [
        0.0,
        0.0,
        0.0,
        1.0
      ]
    ],
    [
      [
        0.9998528361320496,
        -9.280090584873335e-11,
        -0.017155613750219345,
        0.0
      ],
      [
        -0.002165890298783779,
        0.9919984936714172,
        -0.12623107433319092,
        -3.672978365898416e-09
      ],
      [
        0.017018340528011322,
        0.12624967098236084,
        0.9918524622917175,
        0.8366934061050415
      ],
      [
        0.0,
        0.0,
        0.0,
        1.0
      ]
    ],
    [
      [
        0.9998536109924316,
        1.3438444801394667e-11,
        -0.017113294452428818,
        0.0
      ],
      [
        -0.00247147842310369,
        0.9895166754722595,
        -0.14439746737480164,
        6.2367320197154186e-09
      ],
      [
        0.01693389005959034,
        0.1444186270236969,
        0.9893717765808105,
        0.8387747406959534
      ],
      [
        0.0,
        0.0,
        0.0,
        1.0
      ]
    ],
    [
      [
        0.9998980164527893,
        3.117668345709035e-10,
        -0.01427896972745657,
        1.862645149230957e-09
      ],
      [
        -0.0023209783248603344,
        0.9867011308670044,
        -0.1625286191701889,
        1.3012964927838766e-08
      ],
      [
        0.014089074917137623,
        0.16254520416259766,
        0.9866003394126892,
        0.8408559560775757
      ],
      [
        0.0,
        0.0,
        0.0,
        1.0
      ]
    ],
    [
      [
        0.9999610185623169,
        2.1377637160480134e-10,
        -0.008828814141452312,
        1.3969838619232178e-09
      ],
      [
        -0.0015943387988954782,
        0.9835595488548279,
        -0.18057653307914734,
        1.6347847520137293e-09
      ],
      [
        0.008683664724230766,
        0.18058356642723083,
        0.9835212230682373,
        0.8429373502731323
      ],
      [
        0.0,
        0.0,
        0.0,
        1.0
      ]
    ],
    [
      [
        0.9999995827674866,
        -2.0447836132642117e-11,
        -0.0009390272898599505,
        -5.820766091346741e-11
      ],
      [
        -0.00018638606707099825,
        0.9801031947135925,
        -0.19848835468292236,
        -1.9018264296732923e-08
      ],
      [
        0.0009203437366522849,
        0.19848844408988953,
        0.9801028370857239,
        0.845018744468689
      ],
      [
        0.0,
        0.0,
        0.0,
        1.0
      ]
    ],
    [
      [
        0.9999575614929199,
        -1.2279197103559625e-10,
        0.00921363104134798,
        0.0
      ],
      [
        0.0019921264611184597,
        0.9763456583023071,
        -0.21620596945285797,
        1.1905378904941699e-08
      ],
      [
        -0.008995688520371914,
        0.21621514856815338,
        0.9763042330741882,
        0.8471000790596008
      ],
      [
        0.0,
        0.0,
        0.0,
        1.0
      ]
    ],
    [
      [
        0.999769926071167,
        6.880704894740575e-10,
        0.021451307460665703,
        0.0
      ],
      [
        0.005013599991798401,
        0.9723038673400879,
        -0.23366624116897583,
        -8.264049000672458e-09
      ],
      [
        -0.0208571907132864,
        0.23372003436088562,
        0.9720802307128906,
        0.8491814136505127
      ],
      [
        0.0,
        0.0,
        0.0,
        1.0
      ]
    ],
    [
      [
        0.999366283416748,
        -1.0532458238898812e-09,
        0.035594530403614044,
        0.0
      ],
      [
        0.0089328084141016,
        0.9679973721504211,
        -0.25080108642578125,
        -2.9162913861568995e-08
      ],
      [
        -0.03445541113615036,
        0.2509601414203644,
        0.9673839211463928,
        0.8512627482414246
      ],
      [
        0.0,
        0.0,
        0.0,
        1.0
      ]
    ],
    [
      [
        0.9986749887466431,
        -3.0327296229870626e-10,
        0.051461849361658096,
        -3.725290298461914e-09
      ],
      [
        0.013786306604743004,
        0.9634483456611633,
        -0.26753875613212585,
        4.535877451417036e-09
      ],
      [
        -0.04958083853125572,
        0.2678937017917633,
        0.9621717929840088,
        0.8533439636230469
      ],
      [
        0.0,
        0.0,
        0.0,
        1.0
      ]
    ],
    [
      [
        0.9976257085800171,
        5.167304362174718e-10,
        0.06886950880289078,
        7.450580596923828e-09
      ],
      [
        0.019592007622122765,
        0.9586819410324097,
        -0.28380465507507324,
        -3.2006091998937336e-08
      ],
      [
        -0.06602396070957184,
        0.28448009490966797,
        0.956405758857727,
        0.8554254174232483
      ],
      [
        0.0,
        0.0,
        0.0,
        1.0
      ]
    ],
    [
      [
        0.9961529970169067,
        2.7837856464429933e-09,
        0.0876314640045166,
        7.450580596923828e-09
      ],
      [
        0.026349004358053207,
        0.9537251591682434,
        -0.2995230257511139,
        -2.830572043421853e-08
      ],
      [
        -0.08357633650302887,
        0.3006797432899475,
        0.950056254863739,
        0.8575067520141602
      ],
      [
        0.0,
        0.0,
        0.0,
        1.0
      ]
    ],
    [
      [
        0.9941986203193665,
        6.363467974779269e-09,
        0.10755942761898041,
        1.4901161193847656e-08
      ],
      [
        0.03403765335679054,
        0.9486076235771179,
        -0.3146185278892517,
        -1.900246004993278e-08
      ],
      [
        -0.10203170031309128,
        0.3164544105529785,
        0.9431045055389404,
        0.859588086605072
      ],
      [
        0.0,
        0.0,
        0.0,
        1.0
      ]
    ],
    [
      [
        0.9917142987251282,
        -3.0721991617355116e-09,
        0.12846329808235168,
        0.0
      ],
      [
        0.04261796176433563,
        0.9433665871620178,
        -0.32900315523147583,
        -9.094939912301925e-09
      ],
      [
        -0.12118800729513168,
        0.3317519724369049,
        0.9355500936508179,
        0.8616693019866943
      ],
      [
        0.0,
        0.0,
        0.0,
        1.0
      ]
    ],
    [
      [
        0.9886630177497864,
        -1.7411492247987326e-09,
        0.15015169978141785,
        7.450580596923828e-09
      ],
      [
        0.052004482597112656,
        0.9381067156791687,
        -0.34241974353790283,
        -1.8955788050334377e-08
      ],
      [
        -0.14085830748081207,
        0.3463462293148041,
        0.9274713397026062,
        0.8637506365776062
      ],
      [
        0.0,
        0.0,
        0.0,
        1.0
      ]
    ],
    [
      [
        0.9850213527679443,
        -3.835709971866663e-09,
        0.17243248224258423,
        0.0
      ],
      [
        0.06205911934375763,
        0.9329892992973328,
        -0.3545129895210266,
        -1.5694148203238e-09
      ],
      [
        -0.16087765991687775,
        0.35990390181541443,
        0.9190143942832947,
        0.8658319711685181
      ],
      [
        0.0,
        0.0,
        0.0,
        1.0
      ]
    ],
    [
      [
        0.9807805418968201,
        8.344390067804852e-09,
        0.19511385262012482,
        1.4901161193847656e-08
      ],
      [
        0.07260135561227798,
        0.9281936883926392,
        -0.3649459183216095,
        -3.747107513163428e-09
      ],
      [
        -0.1811034381389618,
        0.3720974028110504,
        0.9103543758392334,
        0.8679133653640747
      ],
      [
        0.0,
        0.0,
        0.0,
        1.0
      ]
    ],
    [
      [
        0.9759476780891418,
        -6.995504620022075e-09,
        0.2180051952600479,
        0.0
      ],
      [
        0.08341004699468613,
        0.9239116907119751,
        -0.3734032213687897,
        -1.953630146545038e-08
      ],
      [
        -0.20141752064228058,
        0.38260579109191895,
        0.901689350605011,
        0.8699946403503418
      ],
      [
        0.0,
        0.0,
        0.0,
        1.0
      ]
    ],
    [
      [
        0.9705454707145691,
        -1.6739516439656654e-09,
        0.24091795086860657,
        -1.4901161193847656e-08
      ],
      [
        0.09422612190246582,
        0.9203426837921143,
        -0.3795928657054901,
        2.6168738287424276e-09
      ],
      [
        -0.22172705829143524,
        0.39111289381980896,
        0.893234372138977,
        0.8720759749412537
      ],
      [
        0.0,
        0.0,
        0.0,
        1.0
      ]
    ],
    [
      [
        0.9646137356758118,
        -1.1808845457039752e-08,
        0.26366689801216125,
        -1.4901161193847656e-08
      ],
      [
        0.1047559455037117,
        0.9176869988441467,
        -0.383245050907135,
        2.2426593915270132e-09
      ],
      [
        -0.24196366965770721,
        0.39730414748191833,
        0.8852134943008423,
        0.8741572499275208
      ],
      [
        0.0,
        0.0,
        0.0,
        1.0
      ]
    ],
    [
      [
        0.958208441734314,
        -2.587482228477711e-09,
        0.28607091307640076,
        0.0
      ],
      [
        0.11469928920269012,
        0.9161012172698975,
        -0.3841908872127533,
        -2.4034157775076892e-08
      ],
      [
        -0.2620699107646942,
        0.40094706416130066,
        0.8778159618377686,
        0.8762386441230774
      ],
      [
        0.0,
        0.0,
        0.0,
        1.0
      ]
    ],
    [
      [
        0.9514012932777405,
        -1.8559195069656198e-08,
        0.3079538643360138,
        0.0
      ],
      [
        0.12384007126092911,
        0.9155789613723755,
        -0.3825949728488922,
        4.860817526264327e-09
      ],
      [
        -0.2819560766220093,
        0.402138352394104,
        0.8710829615592957,
        0.8783199191093445
      ],
      [
        0.0,
        0.0,
        0.0,
        1.0
      ]
    ],
    [
      [
        0.9442792534828186,
        -4.907057871150755e-09,
        0.32914552092552185,
        0.0
      ],
      [
        0.1320037990808487,
        0.9160561561584473,
        -0.37870311737060547,
        2.2713919634043123e-08
      ],
      [
        -0.30151575803756714,
        0.40104997158050537,
        0.8650127053260803,
        0.8804012537002563
      ],
      [
        0.0,
        0.0,
        0.0,
        1.0
      ]
    ],
    [
      [
        0.9369431734085083,
        7.140155133811277e-09,
        0.34948188066482544,
        2.9802322387695312e-08
      ],
      [
        0.13904008269309998,
        0.9174520969390869,
        -0.3727593719959259,
        1.4264969649957493e-08
      ],
      [
        -0.3206328749656677,
        0.39784637093544006,
        0.8596003651618958,
        0.8824825286865234
      ],
      [
        0.0,
        0.0,
        0.0,
        1.0
      ]
    ],
    [
      [
        0.9295065402984619,
        1.3795329323329497e-09,
        0.3688056170940399,
        0.0
      ],
      [
        0.1448248326778412,
        0.9196724891662598,
        -0.365004301071167,
        -2.2120454801211054e-08
      ],
      [
        -0.3391803801059723,
        0.3926860988140106,
        0.8548416495323181,
        0.8845639824867249
      ],
      [
        0.0,
        0.0,
        0.0,
        1.0
      ]
    ],
    [
      [
        0.92209392786026,
        -2.12149444678289e-08,
        0.3869660496711731,
        2.9802322387695312e-08
      ],
      [
        0.14926224946975708,
        0.9226140975952148,
        -0.3556741774082184,
        -1.2608767363531115e-08
      ],
      [
        -0.3570203185081482,
        0.38572439551353455,
        0.8507369160652161,
        0.8866453766822815
      ],
      [
        0.0,
        0.0,
        0.0,
        1.0
      ]
    ],
    [
      [
        0.9148385524749756,
        3.8582125938546596e-08,
        0.4038199186325073,
        5.960464477539063e-08
      ],
      [
        0.1522861123085022,
        0.9261668920516968,
        -0.34499838948249817,
        -5.6602388553983474e-08
      ],
      [
        -0.3740045726299286,
        0.3771139979362488,
        0.8472931385040283,
        0.8887267112731934
      ],
      [
        0.0,
        0.0,
        0.0,
        1.0
      ]
    ],
    [
      [
        0.9078565239906311,
        -7.477748198425616e-09,
        0.4192809462547302,
        0.0
      ],
      [
        0.1538790762424469,
        0.9302181005477905,
        -0.33318978548049927,
        2.8166908805360436e-09
      ],
      [
        -0.39002272486686707,
        0.3670071065425873,
        0.8445045948028564,
        0.8908079862594604
      ],
      [
        0.0,
        0.0,
        0.0,
        1.0
      ]
    ],
    [
      [
        0.9012277126312256,
        -1.8166652182571852e-08,
        0.4333457946777344,
        -2.9802322387695312e-08
      ],
      [
        0.15407921373844147,
        0.9346544742584229,
        -0.3204379975795746,
        2.435347390417064e-08
      ],
      [
        -0.4050285816192627,
        0.3555572032928467,
        0.8423365354537964,
        0.8928892016410828
      ],
      [
        0.0,
        0.0,
        0.0,
        1.0
      ]
    ],
    [
      [
        0.8950239419937134,
        1.3600390147416874e-08,
        0.44601812958717346,
        0.0
      ],
      [
        0.152948260307312,
        0.9393647909164429,
        -0.3069210946559906,
        -9.709886228392861e-10
      ],
      [
        -0.4189737141132355,
        0.34291940927505493,
        0.8407540321350098,
        0.8949705958366394
      ],
      [
        0.0,
        0.0,
        0.0,
        1.0
      ]
    ],
    [
      [
        0.8893119692802429,
        6.294200716183695e-10,
        0.4573010802268982,
        -2.9802322387695312e-08
      ],
      [
        0.1505672037601471,
        0.9442421197891235,
        -0.29280754923820496,
        -1.4600795239516628e-08
      ],
      [
        -0.4318029582500458,
        0.32925179600715637,
        0.8397257924079895,
        0.8970518708229065
      ],
      [
        0.0,
        0.0,
        0.0,
        1.0
      ]
    ],
    [
      [
        0.8841530680656433,
        1.3690776512476077e-08,
        0.4671972692012787,
        2.9802322387695312e-08
      ],
      [
        0.1470344364643097,
        0.9491857290267944,
        -0.2782571017742157,
        -3.724976949115444e-08
      ],
      [
        -0.4434570074081421,
        0.31471601128578186,
        0.8392255902290344,
        0.8991333246231079
      ],
      [
        0.0,
        0.0,
        0.0,
        1.0
      ]
    ],
    [
      [
        0.879603385925293,
        -9.142990364807702e-09,
        0.4757077097892761,
        0.0
      ],
      [
        0.14246389269828796,
        0.9541032314300537,
        -0.2634216845035553,
        6.609027991544281e-09
      ],
      [
        -0.45387428998947144,
        0.299477756023407,
        0.8392325043678284,
        0.9012145400047302
      ],
      [
        0.0,
        0.0,
        0.0,
        1.0
      ]
    ],
    [
      [
        0.8757132291793823,
        8.741412926838166e-09,
        0.48283153772354126,
        5.960464477539063e-08
      ],
      [
        0.13698257505893707,
        0.9589110612869263,
        -0.2484457790851593,
        5.75951730752422e-10
      ],
      [
        -0.46299251914024353,
        0.28370678424835205,
        0.8397311568260193,
        0.9032959938049316
      ],
      [
        0.0,
        0.0,
        0.0,
        1.0
      ]
    ],
    [
      [
        0.8725271821022034,
        -9.115872501297417e-09,
        0.4885656535625458,
        -5.960464477539063e-08
      ],
      [
        0.1307288557291031,
        0.9635365009307861,
        -0.23346804082393646,
        4.7817923842785603e-08
      ],
      [
        -0.4707508087158203,
        0.26757684350013733,
        0.8407116532325745,
        0.9053770899772644
      ],
      [
        0.0,
        0.0,
        0.0,
        1.0
      ]
    ],
    [
      [
        0.8700835108757019,
        1.9592789612943307e-09,
        0.4929042458534241,
        0.0
      ],
      [
        0.12384993582963943,
        0.9679181575775146,
        -0.2186221480369568,
        -1.9852583577062433e-08
      ],
      [
        -0.4770910143852234,
        0.2512657046318054,
        0.8421697020530701,
        0.9074586033821106
      ],
      [
        0.0,
        0.0,
        0.0,
        1.0
      ]
    ],
    [
      [
        0.8684148788452148,
        -2.6543034437054303e-09,
        0.4958384037017822,
        -5.960464477539063e-08
      ],
      [
        0.1164994090795517,
        0.9720063209533691,
        -0.2040378749370575,
        2.0481163431895766e-09
      ],
      [
        -0.4819580614566803,
        0.23495440185070038,
        0.8441047072410583,
        0.9095398187637329
      ],
      [
        0.0,
        0.0,
        0.0,
        1.0
      ]
    ],
    [
      [
        0.8675468564033508,
        1.7878729607900823e-09,
        0.4973556101322174,
        0.0
      ],
      [
        0.10883492976427078,
        0.9757636189460754,
        -0.18984286487102509,
        -1.4533545922290614e-08
      ],
      [
        -0.48530149459838867,
        0.21882720291614532,
        0.846520721912384,
        0.9116212725639343
      ],
      [
        0.0,
        0.0,
        0.0,
        1.0
      ]
    ],
    [
      [
        0.8674986362457275,
        -1.7789272277468626e-09,
        0.49743953347206116,
        -5.960464477539063e-08
      ],
      [
        0.10101532191038132,
        0.9791640639305115,
        -0.1761634200811386,
        6.200981061965649e-09
      ],
      [
        -0.4870748817920685,
        0.20307055115699768,
        0.8494234085083008,
        0.9137023687362671
      ],
      [
        0.0,
        0.0,
        0.0,
        1.0
      ]
    ],
    [
      [
        0.8682823181152344,
        9.02176644501651e-09,
        0.4960704445838928,
        0.0
      ],
      [
        0.09319821000099182,
        0.9821932911872864,
        -0.16312675178050995,
        1.9512615523353816e-08
      ],
      [
        -0.48723703622817993,
        0.1878729611635208,
        0.8528210520744324,
        0.9157838225364685
      ],
      [
        0.0,
        0.0,
        0.0,
        1.0
      ]
    ],
    [
      [
        0.869893491268158,
        -3.3815510391832504e-09,
        0.4932396411895752,
        0.0
      ],
      [
        0.08552372455596924,
        0.9848529100418091,
        -0.1508324146270752,
        1.5325243296615554e-09
      ],
      [
        -0.48576849699020386,
        0.17339183390140533,
        0.8567171096801758,
        0.9178652167320251
      ],
      [
        0.0,
        0.0,
        0.0,
        1.0
      ]
    ],
    [
      [
        0.872283935546875,
        2.6967423849555416e-09,
        0.4889998435974121,
        5.960464477539063e-08
      ],
      [
        0.07807187736034393,
        0.9871727228164673,
        -0.13926556706428528,
        -1.6852247597398673e-08
      ],
      [
        -0.4827272593975067,
        0.15965624153614044,
        0.8610947728157043,
        0.919946551322937
      ],
      [
        0.0,
        0.0,
        0.0,
        1.0
      ]
    ],
    [
      [
        0.8753905296325684,
        5.812838210772497e-09,
        0.48341643810272217,
        0.0
      ],
      [
        0.07089874148368835,
        0.9891866445541382,
        -0.12838637828826904,
        -9.968786685021769e-09
      ],
      [
        -0.4781891107559204,
        0.14666183292865753,
        0.8659246563911438,
        0.9220278263092041
      ],
      [
        0.0,
        0.0,
        0.0,
        1.0
      ]
    ],
    [
      [
        0.8791457414627075,
        1.5855619039939484e-09,
        0.4765527844429016,
        0.0
      ],
      [
        0.06405016034841537,
        0.9909267425537109,
        -0.11815990507602692,
        5.284075399458743e-10
      ],
      [
        -0.47222888469696045,
        0.1344030648469925,
        0.8711690902709961,
        0.9241091012954712
      ],
      [
        0.0,
        0.0,
        0.0,
        1.0
      ]
    ],
    [
      [
        0.8834788799285889,
        5.325984986370713e-09,
        0.4684709906578064,
        8.940696716308594e-08
      ],
      [
        0.05756257474422455,
        0.992422342300415,
        -0.10855596512556076,
        -2.2417617984160643e-08
      ],
      [
        -0.46492108702659607,
        0.12287329882383347,
        0.8767842650413513,
        0.9261905550956726
      ],
      [
        0.0,
        0.0,
        0.0,
        1.0
      ]
    ],
    [
      [
        0.88831627368927,
        5.078220066678796e-09,
        0.4592321217060089,
        -2.9802322387695312e-08
      ],
      [
        0.051463790237903595,
        0.9937008023262024,
        -0.0995490550994873,
        -1.4390451497092727e-08
      ],
      [
        -0.45633935928344727,
        0.11206487566232681,
        0.8827207088470459,
        0.9282718300819397
      ],
      [
        0.0,
        0.0,
        0.0,
        1.0
      ]
    ],
    [
      [
        0.8935831785202026,
        -5.049825002600983e-10,
        0.4488976001739502,
        2.9802322387695312e-08
      ],
      [
        0.04577380791306496,
        0.9947875142097473,
        -0.09111810475587845,
        -8.509417170898814e-09
      ],
      [
        -0.44655776023864746,
        0.10196937620639801,
        0.888925313949585,
        0.9303531646728516
      ],
      [
        0.0,
        0.0,
        0.0,
        1.0
      ]
    ],
    [
      [
        0.8992040753364563,
        -1.4218219934747367e-09,
        0.4375295341014862,
        2.9802322387695312e-08
      ],
      [
        0.040505439043045044,
        0.9957054257392883,
        -0.08324616402387619,
        -7.816053582132554e-09
      ],
      [
        -0.4356505274772644,
        0.09257762134075165,
        0.8953424096107483,
        0.9324344992637634
      ],
      [
        0.0,
        0.0,
        0.0,
        1.0
      ]
    ],
    [
      [
        0.9051036834716797,
        5.30730481784758e-09,
        0.42519089579582214,
        2.9802322387695312e-08
      ],
      [
        0.035664938390254974,
        0.996475875377655,
        -0.07591994851827621,
        -1.3329820802709946e-08
      ],
      [
        -0.4236924350261688,
        0.08387983590364456,
        0.9019140601158142,
        0.9345157742500305
      ],
      [
        0.0,
        0.0,
        0.0,
        1.0
      ]
    ],
    [
      [
        0.9112079739570618,
        7.790390554873738e-11,
        0.41194650530815125,
        -2.9802322387695312e-08
      ],
      [
        0.031252600252628326,
        0.9971179962158203,
        -0.06912941485643387,
        -6.300421517835275e-09
      ],
      [
        -0.4107592701911926,
        0.07586567848920822,
        0.9085819125175476,
        0.9365971088409424
      ],
      [
        0.0,
        0.0,
        0.0,
        1.0
      ]
    ],
    [
      [
        0.9174447059631348,
        -1.7889745240751154e-10,
        0.3978634774684906,
        2.9802322387695312e-08
      ],
      [
        0.027263354510068893,
        0.9976493716239929,
        -0.06286735087633133,
        -1.389382919825266e-08
      ],
      [
        -0.39692825078964233,
        0.06852440536022186,
        0.9152882099151611,
        0.9386786222457886
      ],
      [
        0.0,
        0.0,
        0.0,
        1.0
      ]
    ],
    [
      [
        0.9237439632415771,
        2.3670678750420393e-09,
        0.3830108046531677,
        -2.9802322387695312e-08
      ],
      [
        0.023687250912189484,
        0.9980857372283936,
        -0.05712881311774254,
        3.262670134063228e-10
      ],
      [
        -0.38227763772010803,
        0.06184486672282219,
        0.9219756126403809,
        0.9407596588134766
      ],
      [
        0.0,
        0.0,
        0.0,
        1.0
      ]
    ],
    [
      [
        0.9300391674041748,
        6.735537683155712e-10,
        0.3674603998661041,
        2.9802322387695312e-08
      ],
      [
        0.020510023459792137,
        0.9984410405158997,
        -0.05191069096326828,
        -1.72652221408498e-08
      ],
      [
        -0.3668875992298126,
        0.055815596133470535,
        0.9285893440246582,
        0.9428412318229675
      ],
      [
        0.0,
        0.0,
        0.0,
        1.0
      ]
    ],
    [
      [
        0.9362678527832031,
        2.761810335982773e-09,
        0.351286917924881,
        2.9802322387695312e-08
      ],
      [
        0.01771361008286476,
        0.9987278580665588,
        -0.04721121862530708,
        -1.3836206846917776e-08
      ],
      [
        -0.3508400619029999,
        0.050424907356500626,
        0.9350768327713013,
        0.9449225068092346
      ],
      [
        0.0,
        0.0,
        0.0,
        1.0
      ]
    ],
    [
      [
        0.9423717260360718,
        1.919168379771463e-09,
        0.3345675766468048,
        0.0
      ],
      [
        0.015276635996997356,
        0.9989570379257202,
        -0.043029483407735825,
        -6.693667842228024e-09
      ],
      [
        -0.3342186212539673,
        0.0456608384847641,
        0.9413888454437256,
        0.9470037817955017
      ],
      [
        0.0,
        0.0,
        0.0,
        1.0
      ]
    ],
    [
      [
        0.9482975006103516,
        -1.5959347177130212e-09,
        0.3173825442790985,
        2.9802322387695312e-08
      ],
      [
        0.013174962252378464,
        0.9991380572319031,
        -0.03936506807804108,
        1.4523418023770773e-09
      ],
      [
        -0.31710895895957947,
        0.041511304676532745,
        0.9474802017211914,
        0.9490851163864136
      ],
      [
        0.0,
        0.0,
        0.0,
        1.0
      ]
    ],
    [
      [
        0.9539974331855774,
        1.25371357739823e-09,
        0.2998146116733551,
        2.9802322387695312e-08
      ],
      [
        0.011382185854017735,
        0.9992790222167969,
        -0.036217641085386276,
        -9.405271228501988e-09
      ],
      [
        -0.29959848523139954,
        0.03796408325433731,
        0.9533098340034485,
        0.9511665105819702
      ],
      [
        0.0,
        0.0,
        0.0,
        1.0
      ]
    ],
    [
      [
        0.9594293832778931,
        -6.168980881682273e-10,
        0.2819491922855377,
        0.0
      ],
      [
        0.009870143607258797,
        0.9993870854377747,
        -0.033586569130420685,
        -4.028382960541421e-09
      ],
      [
        -0.2817763388156891,
        0.0350068174302578,
        0.9588412642478943,
        0.9532477259635925
      ],
      [
        0.0,
        0.0,
        0.0,
        1.0
      ]
    ],
    [
      [
        0.9645572304725647,
        -1.5989820578710123e-11,
        0.2638739049434662,
        0.0
      ],
      [
        0.008609439246356487,
        0.9994675517082214,
        -0.03147070109844208,
        -1.2894162182419677e-08
      ],
      [
        -0.2637334167957306,
        0.03262708708643913,
        0.9640436172485352,
        0.9553290605545044
      ],
      [
        0.0,
        0.0,
        0.0,
        1.0
      ]
    ],
    [
      [
        0.9693512916564941,
        -1.254569781394821e-10,
        0.24567864835262299,
        0.0
      ],
      [
        0.007569947745651007,
        0.9995250701904297,
        -0.02986803837120533,
        -2.2296153812106922e-10
      ],
      [
        -0.24556197226047516,
        0.030812399461865425,
        0.9688910245895386,
        0.9574103951454163
      ],
      [
        0.0,
        0.0,
        0.0,
        1.0
      ]
    ],
    [
      [
        0.9737886190414429,
        -7.771962517999498e-10,
        0.22745506465435028,
        -4.470348358154297e-08
      ],
      [
        0.0067213475704193115,
        0.9995632767677307,
        -0.028775665909051895,
        -4.866641756251511e-09
      ],
      [
        -0.2273557335138321,
        0.029550213366746902,
        0.9733632206916809,
        0.9594916105270386
      ],
      [
        0.0,
        0.0,
        0.0,
        1.0
      ]
    ],
    [
      [
        0.9778521656990051,
        9.820638746660393e-11,
        0.209296315908432,
        1.4901161193847656e-08
      ],
      [
        0.006033584475517273,
        0.9995843768119812,
        -0.028189480304718018,
        -1.360597323696311e-08
      ],
      [
        -0.20920933783054352,
        0.028827950358390808,
        0.9774459004402161,
        0.96157306432724
      ],
      [
        0.0,
        0.0,
        0.0,
        1.0
      ]
    ],
    [
      [
        0.9815322756767273,
        -2.90931723156973e-10,
        0.19129681587219238,
        0.0
      ],
      [
        0.005477398633956909,
        0.9995899200439453,
        -0.028104199096560478,
        1.1657186327340696e-09
      ],
      [
        -0.19121837615966797,
        0.028632987290620804,
        0.9811298251152039,
        0.9636543989181519
      ],
      [
        0.0,
        0.0,
        0.0,
        1.0
      ]
    ],
    [
      [
        0.9848247766494751,
        1.7665113816178746e-09,
        0.1735517978668213,
        1.4901161193847656e-08
      ],
      [
        0.005024792160838842,
        0.9995807409286499,
        -0.028513330966234207,
        -4.97309304847704e-09
      ],
      [
        -0.17347903549671173,
        0.02895270101726055,
        0.984411895275116,
        0.9657357335090637
      ],
      [
        0.0,
        0.0,
        0.0,
        1.0
      ]
    ],
    [
      [
        0.9877322912216187,
        7.388564760013594e-10,
        0.15615706145763397,
        1.4901161193847656e-08
      ],
      [
        0.004649485927075148,
        0.9995566606521606,
        -0.029409151524305344,
        -9.337314033075472e-09
      ],
      [
        -0.15608783066272736,
        0.029774419963359833,
        0.9872942566871643,
        0.9678170680999756
      ],
      [
        0.0,
        0.0,
        0.0,
        1.0
      ]
    ],
    [
      [
        0.9902631044387817,
        -3.1556596225001954e-10,
        0.13920870423316956,
        -1.4901161193847656e-08
      ],
      [
        0.004327365662902594,
        0.9995166063308716,
        -0.03078277036547661,
        1.2012383310278096e-09
      ],
      [
        -0.13914144039154053,
        0.03108545020222664,
        0.9897844195365906,
        0.9698982834815979
      ],
      [
        0.0,
        0.0,
        0.0,
        1.0
      ]
    ],
    [
      [
        0.992431104183197,
        6.488393156089955e-10,
        0.12280277907848358,
        -7.450580596923828e-09
      ],
      [
        0.0040369099006056786,
        0.9994595050811768,
        -0.032624296844005585,
        -2.8994353584721466e-09
      ],
      [
        -0.12273640930652618,
        0.03287311643362045,
        0.9918946623802185,
        0.9719796180725098
      ],
      [
        0.0,
        0.0,
        0.0,
        1.0
      ]
    ],
    [
      [
        0.9942552447319031,
        4.1399497718863643e-10,
        0.10703498125076294,
        0.0
      ],
      [
        0.003759566927328706,
        0.9993828535079956,
        -0.034922871738672256,
        -3.155638861329635e-09
      ],
      [
        -0.10696893185377121,
        0.03512465953826904,
        0.9936416745185852,
        0.9740608930587769
      ],
      [
        0.0,
        0.0,
        0.0,
        1.0
      ]
    ],
    [
      [
        0.9957589507102966,
        1.5463053060216225e-10,
        0.09200052917003632,
        0.0
      ],
      [
        0.0034801342990249395,
        0.9992842674255371,
        -0.03766690194606781,
        -4.459898228503789e-09
      ],
      [
        -0.0919346809387207,
        0.037827327847480774,
        0.9950462579727173,
        0.9761423468589783
      ],
      [
        0.0,
        0.0,
        0.0,
        1.0
      ]
    ],
    [
      [
        0.9969694018363953,
        -1.2899163681634462e-10,
        0.07779397815465927,
        7.450580596923828e-09
      ],
      [
        0.003187088528648019,
        0.9991603493690491,
        -0.04084416478872299,
        -8.694700071032457e-09
      ],
      [
        -0.07772866636514664,
        0.04096831753849983,
        0.996132493019104,
        0.9782236218452454
      ],
      [
        0.0,
        0.0,
        0.0,
        1.0
      ]
    ],
    [
      [
        0.997917115688324,
        -4.535073983014115e-10,
        0.06450904905796051,
        -7.450580596923828e-09
      ],
      [
        0.0028728980105370283,
        0.9990078210830688,
        -0.04444204643368721,
        -6.246937189757773e-09
      ],
      [
        -0.06444504112005234,
        0.044534798711538315,
        0.9969269633293152,
        0.9803048968315125
      ],
      [
        0.0,
        0.0,
        0.0,
        1.0
      ]
    ],
    [
      [
        0.9986346364021301,
        -4.245012119596936e-10,
        0.052238572388887405,
        -3.725290298461914e-09
      ],
      [
        0.002534297527745366,
        0.9988225102424622,
        -0.04844767227768898,
        -3.937070225390471e-09
      ],
      [
        -0.0521770641207695,
        0.04851390793919563,
        0.9974587559700012,
        0.9823862314224243
      ],
      [
        0.0,
        0.0,
        0.0,
        1.0
      ]
    ],
    [
      [
        0.9991560578346252,
        -1.748279021551724e-10,
        0.0410744845867157,
        0.0
      ],
      [
        0.002172540407627821,
        0.9986001253128052,
        -0.05284805968403816,
        -3.5457543567929406e-09
      ],
      [
        -0.041016992181539536,
        0.052892692387104034,
        0.9977574944496155,
        0.984467625617981
      ],
      [
        0.0,
        0.0,
        0.0,
        1.0
      ]
    ],
    [
      [
        0.9995160698890686,
        -1.2340983790437576e-10,
        0.031107814982533455,
        0.0
      ],
      [
        0.0017936199437826872,
        0.9983363151550293,
        -0.0576302707195282,
        -2.5270381343034387e-09
      ],
      [
        -0.031056061387062073,
        0.057658180594444275,
        0.9978531002998352,
        0.986548900604248
      ],
      [
        0.0,
        0.0,
        0.0,
        1.0
      ]
    ],
    [
      [
        0.9997484683990479,
        -1.5492518379289777e-10,
        0.022428762167692184,
        0.0
      ],
      [
        0.0014084662543609738,
        0.9980262517929077,
        -0.06278152763843536,
        1.8212484853563637e-09
      ],
      [
        -0.022384492680430412,
        0.06279732286930084,
        0.997775137424469,
        0.9886302351951599
      ],
      [
        0.0,
        0.0,
        0.0,
        1.0
      ]
    ],
    [
      [
        0.999885618686676,
        -1.5469840686233027e-10,
        0.015126807615160942,
        9.313225746154785e-10
      ],
      [
        0.0010331161320209503,
        0.9976650476455688,
        -0.06828921288251877,
        -1.362086976541832e-08
      ],
      [
        -0.015091488137841225,
        0.06829702109098434,
        0.997550904750824,
        0.9907116889953613
      ],
      [
        0.0,
        0.0,
        0.0,
        1.0
      ]
    ],
    [
      [
        0.9999568462371826,
        -1.3073871846236429e-11,
        0.009290840476751328,
        9.313225746154785e-10
      ],
      [
        0.0006888609495945275,
        0.9972475171089172,
        -0.07414089143276215,
        -1.1761111196051388e-08
      ],
      [
        -0.009265268221497536,
        0.07414408773183823,
        0.9972044825553894,
        0.9927929639816284
      ],
      [
        0.0,
        0.0,
        0.0,
        1.0
      ]
    ],
    [
      [
        0.9999874234199524,
        1.7025270082626776e-11,
        0.005009305197745562,
        -4.656612873077393e-10
      ],
      [
        0.0004023738147225231,
        0.9967687129974365,
        -0.08032425493001938,
        -2.125040143852175e-09
      ],
      [
        -0.004993118811398745,
        0.08032526820898056,
        0.9967561364173889,
        0.9948742985725403
      ],
      [
        0.0,
        0.0,
        0.0,
        1.0
      ]
    ],
    [
      [
        0.9999972581863403,
        -3.2303049124493555e-12,
        0.002370352391153574,
        4.656612873077393e-10
      ],
      [
        0.00020581115677487105,
        0.9962234497070312,
        -0.08682699501514435,
        -1.933590354497028e-08
      ],
      [
        -0.00236140051856637,
        0.08682723343372345,
        0.9962206482887268,
        0.9969557523727417
      ],
      [
        0.0,
        0.0,
        0.0,
        1.0
      ]
    ]
  ],
  "height": 476,
  "width": 756
}