{
  "intrinsic": [
    [
      4216.48095703125,
      0.0,
      378.0
    ],
    [
      0.0,
      2777.01953125,
      238.0
    ],
    [
      0.0,
      0.0,
      1.0
    ]
  ],
  "extrinsic": [
    [
      [
        1.0,
        0.0,
        0.0,
        0.0
      ],
      [
        0.0,
        0.9961946606636047,
        -0.08715574443340302,
        -6.363930715735933e-09
      ],
      [
        0.0,
        0.08715574443340302,
        0.9961947202682495,
        0.8325307965278625
      ],
      [
        0.0,
        0.0,
        0.0,
        1.0
      ]
    ],
    [
      [
        0.9996572732925415,
        -2.5526825098154404e-10,
        0.026176949962973595,
        1.862645149230957e-09
      ],
      [
        0.0023667968343943357,
        0.9959041476249695,
        -0.09038432687520981,
        -7.499463272608864e-09
      ],
      [
        -0.026069730520248413,
        0.09041530638933182,
        0.9955629110336304,
        0.8387748599052429
      ],
      [
        0.0,
        0.0,
        0.0,
        1.0
      ]
    ],
    [
      [
        0.9986295104026794,
        6.689137022064529e-10,
        0.0523359589278698,
        0.0
      ],
      [
        0.004902514163404703,
        0.9956029057502747,
        -0.09354553371667862,
        -1.1357706775072529e-08
      ],
      [
        -0.05210583284497261,
        0.09367391467094421,
        0.9942384958267212,
        0.845018744468689
      ],
      [
        0.0,
        0.0,
        0.0,
        1.0
      ]
    ],
    [
      [
        0.9969173073768616,
        4.952902532551207e-10,
        0.07845910638570786,
        0.0
      ],
      [
        0.007605157792568207,
        0.995290994644165,
        -0.0966326966881752,
        -2.129803000627817e-09
      ],
      [
        -0.078089639544487,
        0.09693150222301483,
        0.9922229647636414,
        0.8512627482414246
      ],
      [
        0.0,
        0.0,
        0.0,
        1.0
      ]
    ],
    [
      [
        0.9945219159126282,
        -1.875481991930883e-09,
        0.10452845692634583,
        -7.450580596923828e-09
      ],
      [
        0.010472502559423447,
        0.9949684739112854,
        -0.09963920712471008,
        4.903278671974931e-09
      ],
      [
        -0.10400252044200897,
        0.10018804669380188,
        0.989517867565155,
        0.8575065732002258
      ],
      [
        0.0,
        0.0,
        0.0,
        1.0
      ]
    ],
    [
      [
        0.9914448857307434,
        -1.2800496218545732e-09,
        0.13052617013454437,
        0.0
      ],
      [
        0.0135020911693573,
        0.9946353435516357,
        -0.10255856812000275,
        -3.9274756780116604e-09
      ],
      [
        -0.12982594966888428,
        0.10344354063272476,
        0.9861260056495667,
        0.8637506365776062
      ],
      [
        0.0,
        0.0,
        0.0,
        1.0
      ]
    ],
    [
      [
        0.9876883625984192,
        7.485529973649818e-10,
        0.15643444657325745,
        1.4901161193847656e-08
      ],
      [
        0.016691232100129128,
        0.9942914247512817,
        -0.10538429021835327,
        -9.712577409004552e-09
      ],
      [
        -0.15554144978523254,
        0.1066979169845581,
        0.9820500612258911,
        0.8699946999549866
      ],
      [
        0.0,
        0.0,
        0.0,
        1.0
      ]
    ],
    [
      [
        0.9832549095153809,
        1.1971504898511398e-09,
        0.18223552405834198,
        2.9802322387695312e-08
      ],
      [
        0.020037004724144936,
        0.9939369559288025,
        -0.10811001062393188,
        -1.9982781651606274e-08
      ],
      [
        -0.18113061785697937,
        0.10995115339756012,
        0.9772934317588806,
        0.8762387633323669
      ],
      [
        0.0,
        0.0,
        0.0,
        1.0
      ]
    ],
    [
      [
        0.978147566318512,
        -1.879595590281724e-09,
        0.2079116702079773,
        1.4901161193847656e-08
      ],
      [
        0.02353627048432827,
        0.9935718774795532,
        -0.11072945594787598,
        -1.2040263008827878e-08
      ],
      [
        -0.2065751850605011,
        0.11320322006940842,
        0.9718599319458008,
        0.882482647895813
      ],
      [
        0.0,
        0.0,
        0.0,
        1.0
      ]
    ],
    [
      [
        0.972369909286499,
        2.4264883435876072e-09,
        0.23344536125659943,
        -1.4901161193847656e-08
      ],
      [
        0.027185657992959023,
        0.9931960105895996,
        -0.11323641240596771,
        3.547873106413135e-10
      ],
      [
        -0.23185700178146362,
        0.11645404994487762,
        0.9657539129257202,
        0.888726532459259
      ],
      [
        0.0,
        0.0,
        0.0,
        1.0
      ]
    ],
    [
      [
        0.9659258127212524,
        -4.354676619300335e-10,
        0.25881901383399963,
        -2.9802322387695312e-08
      ],
      [
        0.03098158724606037,
        0.9928097128868103,
        -0.11562485992908478,
        4.98221464084736e-09
      ],
      [
        -0.2569580376148224,
        0.11970365792512894,
        0.9589805006980896,
        0.8949705362319946
      ],
      [
        0.0,
        0.0,
        0.0,
        1.0
      ]
    ],
    [
      [
        0.9588196873664856,
        -2.2040564928715867e-09,
        0.28401532769203186,
        0.0
      ],
      [
        0.034920237958431244,
        0.9924126267433167,
        -0.11788876354694366,
        8.964300413083492e-10
      ],
      [
        -0.2818603515625,
        0.12295196205377579,
        0.9515447020530701,
        0.9012145400047302
      ],
      [
        0.0,
        0.0,
        0.0,
        1.0
      ]
    ],
    [
      [
        0.9510564804077148,
        -8.835040254950854e-09,
        0.30901697278022766,
        -2.9802322387695312e-08
      ],
      [
        0.038997624069452286,
        0.9920049905776978,
        -0.12002234905958176,
        -6.386306594663438e-09
      ],
      [
        -0.3065463602542877,
        0.12619896233081818,
        0.9434527158737183,
        0.9074586033821106
      ],
      [
        0.0,
        0.0,
        0.0,
        1.0
      ]
    ],
    [
      [
        0.9426414966583252,
        -2.13505102486522e-09,
        0.3338068723678589,
        0.0
      ],
      [
        0.0432095006108284,
        0.9915866255760193,
        -0.12201985716819763,
        -1.7284381925719572e-08
      ],
      [
        -0.33099842071533203,
        0.12944461405277252,
        0.934710681438446,
        0.9137025475502014
      ],
      [
        0.0,
        0.0,
        0.0,
        1.0
      ]
    ],
    [
      [
        0.9335805177688599,
        1.1135590227695502e-09,
        0.3583679497241974,
        -2.9802322387695312e-08
      ],
      [
        0.047551438212394714,
        0.9911577105522156,
        -0.12387573719024658,
        5.60254065362642e-09
      ],
      [
        -0.3551991581916809,
        0.13268887996673584,
        0.9253254532814026,
        0.9199464321136475
      ],
      [
        0.0,
        0.0,
        0.0,
        1.0
      ]
    ],
    [
      [
        0.9238795042037964,
        3.908248835671202e-09,
        0.38268351554870605,
        2.9802322387695312e-08
      ],
      [
        0.05201881751418114,
        0.9907181262969971,
        -0.12558452785015106,
        -1.0577513975817965e-08
      ],
      [
        -0.3791314959526062,
        0.13593171536922455,
        0.9153043627738953,
        0.9261904358863831
      ],
      [
        0.0,
        0.0,
        0.0,
        1.0
      ]
    ],
    [
      [
        0.9135454893112183,
        8.926912542506216e-09,
        0.40673670172691345,
        2.9802322387695312e-08
      ],
      [
        0.056606803089380264,
        0.9902681112289429,
        -0.12714095413684845,
        2.1927348825556692e-10
      ],
      [
        -0.4027783274650574,
        0.13917312026023865,
        0.9046549201011658,
        0.9324344396591187
      ],
      [
        0.0,
        0.0,
        0.0,
        1.0
      ]
    ],
    [
      [
        0.9025852680206299,
        6.972236121782771e-10,
        0.43051111698150635,
        2.9802322387695312e-08
      ],
      [
        0.06131036579608917,
        0.9898072481155396,
        -0.12853987514972687,
        -6.019676312973843e-09
      ],
      [
        -0.4261230528354645,
        0.14241299033164978,
        0.893385648727417,
        0.9386785626411438
      ],
      [
        0.0,
        0.0,
        0.0,
        1.0
      ]
    ],
    [
      [
        0.8910065293312073,
        7.987885020099839e-09,
        0.45399054884910583,
        0.0
      ],
      [
        0.066124327480793,
        0.9893358945846558,
        -0.12977631390094757,
        -7.92411469774379e-09
      ],
      [
        -0.44914913177490234,
        0.14565135538578033,
        0.8815048336982727,
        0.9449223279953003
      ],
      [
        0.0,
        0.0,
        0.0,
        1.0
      ]
    ],
    [
      [
        0.878817081451416,
        6.5338925381297486e-09,
        0.477158784866333,
        5.960464477539063e-08
      ],
      [
        0.07104329764842987,
        0.9888540506362915,
        -0.13084547221660614,
        -2.1914136283385233e-08
      ],
      [
        -0.47184035181999207,
        0.14888818562030792,
        0.8690218329429626,
        0.951166570186615
      ],
      [
        0.0,
        0.0,
        0.0,
        1.0
      ]
    ],
    [
      [
        0.866025447845459,
        -3.5998466429987275e-09,
        0.5,
        0.0
      ],
      [
        0.0760616883635521,
        0.9883614778518677,
        -0.1317427158355713,
        -1.7623507986286313e-08
      ],
      [
        -0.49418073892593384,
        0.1521233767271042,
        0.8559461832046509,
        0.9574103951454163
      ],
      [
        0.0,
        0.0,
        0.0,
        1.0
      ]
    ],
    [
      [
        0.8526402115821838,
        -6.366014382308549e-09,
        0.5224985480308533,
        -5.960464477539063e-08
      ],
      [
        0.08117379248142242,
        0.9878584146499634,
        -0.13246358931064606,
        1.6170840666518416e-08
      ],
      [
        -0.5161545872688293,
        0.1553569883108139,
        0.8422877192497253,
        0.9636543393135071
      ],
      [
        0.0,
        0.0,
        0.0,
        1.0
      ]
    ],
    [
      [
        0.838670551776886,
        -1.0923436377652251e-08,
        0.544638991355896,
        -1.1920928955078125e-07
      ],
      [
        0.0863736942410469,
        0.9873446822166443,
        -0.1330038160085678,
        2.519567132708289e-08
      ],
      [
        -0.5377464294433594,
        0.15858887135982513,
        0.8280568718910217,
        0.9698981642723083
      ],
      [
        0.0,
        0.0,
        0.0,
        1.0
      ]
    ],
    [
      [
        0.824126124382019,
        3.4855709429848503e-09,
        0.5664063096046448,
        0.0
      ],
      [
        0.09165535867214203,
        0.9868203401565552,
        -0.13335935771465302,
        -2.0449512305731332e-08
      ],
      [
        -0.5589413046836853,
        0.16181910037994385,
        0.8132645487785339,
        0.976142406463623
      ],
      [
        0.0,
        0.0,
        0.0,
        1.0
      ]
    ],
    [
      [
        0.8090170621871948,
        -1.2702625618032926e-08,
        0.5877852439880371,
        -5.960464477539063e-08
      ],
      [
        0.09701255708932877,
        0.9862855672836304,
        -0.13352632522583008,
        -4.942593889722957e-09
      ],
      [
        -0.579724133014679,
        0.16504760086536407,
        0.7979218363761902,
        0.9823862314224243
      ],
      [
        0.0,
        0.0,
        0.0,
        1.0
      ]
    ],
    [
      [
        0.7933533191680908,
        7.598330853397783e-10,
        0.6087614893913269,
        0.0
      ],
      [
        0.10243892669677734,
        0.9857401847839355,
        -0.13350100815296173,
        -2.4704316814450067e-08
      ],
      [
        -0.600080668926239,
        0.16827434301376343,
        0.7820403575897217,
        0.9886303544044495
      ],
      [
        0.0,
        0.0,
        0.0,
        1.0
      ]
    ],
    [
      [
        0.7771459221839905,
        -3.775229018287973e-09,
        0.6293203234672546,
        -5.960464477539063e-08
      ],
      [
        0.10792797058820724,
        0.9851843118667603,
        -0.133279949426651,
        2.5429578442981438e-09
      ],
      [
        -0.6199964880943298,
        0.17149925231933594,
        0.765631914138794,
        0.9948742389678955
      ],
      [
        0.0,
        0.0,
        0.0,
        1.0
      ]
    ],
    [
      [
        0.760405957698822,
        -1.3152560818241454e-08,
        0.649448037147522,
        6.505260330413876e-08
      ],
      [
        0.11347305774688721,
        0.9846177101135254,
        -0.13285988569259644,
        -1.0588785848142379e-08
      ],
      [
        -0.6394580006599426,
        0.17472229897975922,
        0.7487091422080994,
        1.0011181831359863
      ],
      [
        2.6400826413919276e-08,
        -2.7348328046628012e-09,
        -4.823952792776254e-08,
        0.9999999403953552
      ]
    ],
    [
      [
        0.7431448101997375,
        1.2763155865513909e-08,
        0.6691306829452515,
        1.0640832215358387e-08
      ],
      [
        0.1190674751996994,
        0.9840406179428101,
        -0.13223782181739807,
        -1.085762679764457e-08
      ],
      [
        -0.6584517955780029,
        0.17794354259967804,
        0.7312847971916199,
        1.0073622465133667
      ],
      [
        4.32352180723683e-08,
        -1.3436043388992402e-08,
        -1.2915876368424506e-08,
        0.9999999403953552
      ]
    ],
    [
      [
        0.7253743410110474,
        -1.77117520649972e-09,
        0.6883546113967896,
        -8.213970659198822e-08
      ],
      [
        0.1247042790055275,
        0.9834531545639038,
        -0.1314108967781067,
        2.9802322387695312e-08
      ],
      [
        -0.6769644618034363,
        0.18116286396980286,
        0.7133716940879822,
        1.013606071472168
      ],
      [
        -1.117504666581226e-08,
        -4.545981369119545e-09,
        -7.439950877596857e-10,
        1.0
      ]
    ],
    [
      [
        0.7071067690849304,
        -1.9294505992917266e-09,
        0.7071067690849304,
        8.831730902159052e-09
      ],
      [
        0.13037653267383575,
        0.9828550815582275,
        -0.13037651777267456,
        -1.8426606018806524e-08
      ],
      [
        -0.6949835419654846,
        0.18438023328781128,
        0.6949834227561951,
        1.019850254058838
      ],
      [
        -1.1920928955078125e-07,
        -6.865271018341446e-09,
        -4.9871268004153535e-08,
        1.0
      ]
    ],
    [
      [
        0.6883545517921448,
        1.7795824813759964e-09,
        0.7253744602203369,
        -1.7108122918330082e-08
      ],
      [
        0.13607704639434814,
        0.9822463989257812,
        -0.12913230061531067,
        -2.0606757189511882e-08
      ],
      [
        -0.7124963402748108,
        0.18759562075138092,
        0.6761337518692017,
        1.0260941982269287
      ],
      [
        0.0,
        -6.5309810892699716e-09,
        9.184851990085008e-09,
        1.0
      ]
    ],
    [
      [
        0.6691306233406067,
        5.101123079498393e-09,
        0.7431448698043823,
        -3.356633726525615e-08
      ],
      [
        0.1417987048625946,
        0.9816271662712097,
        -0.12767614424228668,
        3.753169774967091e-09
      ],
      [
        -0.7294911742210388,
        0.19080901145935059,
        0.6568368673324585,
        1.032338261604309
      ],
      [
        0.0,
        1.9313546317789587e-08,
        2.291044154389965e-08,
        1.0000001192092896
      ]
    ],
    [
      [
        0.6494481563568115,
        -1.1470991267970021e-08,
        0.7604060173034668,
        -2.8236730287289902e-08
      ],
      [
        0.14753419160842896,
        0.9809975028038025,
        -0.1260061413049698,
        -6.945942043756759e-09
      ],
      [
        -0.745956301689148,
        0.1940203309059143,
        0.6371069550514221,
        1.0385820865631104
      ],
      [
        0.0,
        3.1400659850078227e-09,
        -2.73086797619726e-08,
        1.0
      ]
    ],
    [
      [
        0.6293203234672546,
        -1.3258660835901992e-09,
        0.7771459221839905,
        -5.339921571589912e-08
      ],
      [
        0.1532762050628662,
        0.9803573489189148,
        -0.12412060797214508,
        -3.344601040566886e-08
      ],
      [
        -0.7618807554244995,
        0.19722960889339447,
        0.6169587969779968,
        1.0448261499404907
      ],
      [
        0.0,
        4.843352385819344e-10,
        -3.715474505838756e-08,
        1.0
      ]
    ],
    [
      [
        0.6087614893913269,
        -8.938425111182369e-09,
        0.793353259563446,
        -6.530158458417645e-08
      ],
      [
        0.1590171754360199,
        0.9797066450119019,
        -0.12201815098524094,
        -9.7903916085329e-09
      ],
      [
        -0.7772535681724548,
        0.20043674111366272,
        0.5964075326919556,
        1.0510700941085815
      ],
      [
        0.0,
        -1.9333839418322896e-08,
        -5.234062427916797e-08,
        0.9999999403953552
      ]
    ],
    [
      [
        0.5877852439880371,
        4.022841615380912e-09,
        0.80901700258255,
        3.6610288134397706e-08
      ],
      [
        0.1647496074438095,
        0.9790453910827637,
        -0.11969760805368423,
        -8.89197870890257e-09
      ],
      [
        -0.792064368724823,
        0.20364172756671906,
        0.5754684209823608,
        1.0573140382766724
      ],
      [
        0.0,
        5.688152171501315e-09,
        -2.7035994776269945e-08,
        1.0
      ]
    ],
    [
      [
        0.56640625,
        -8.669372997260893e-10,
        0.8241261839866638,
        1.1151268797249259e-09
      ],
      [
        0.17046600580215454,
        0.9783737659454346,
        -0.11715804040431976,
        -4.141964549120303e-09
      ],
      [
        -0.8063034415245056,
        0.20684456825256348,
        0.554157018661499,
        1.0635581016540527
      ],
      [
        0.0,
        3.486377408989938e-09,
        -2.5950726012524683e-09,
        1.0
      ]
    ],
    [
      [
        0.544638991355896,
        2.789600328512165e-09,
        0.8386704921722412,
        2.6133859520882652e-08
      ],
      [
        0.17615871131420135,
        0.977691650390625,
        -0.11439879983663559,
        5.660680951757868e-11
      ],
      [
        -0.8199611902236938,
        0.21004515886306763,
        0.5324890613555908,
        1.069801926612854
      ],
      [
        1.1920928955078125e-07,
        -1.812833261283231e-08,
        8.000597517821006e-09,
        1.0
      ]
    ],
    [
      [
        0.5224985480308533,
        -4.766383954191156e-10,
        0.8526401519775391,
        5.284374715586182e-09
      ],
      [
        0.18182003498077393,
        0.9769991040229797,
        -0.1114194467663765,
        7.53418571974862e-09
      ],
      [
        -0.8330286741256714,
        0.2132435292005539,
        0.510480523109436,
        1.0760458707809448
      ],
      [
        0.0,
        -5.66231062038014e-09,
        -2.8209491631514538e-08,
        0.9999999403953552
      ]
    ],
    [
      [
        0.5,
        9.755703800351512e-09,
        0.866025447845459,
        -1.414398997923172e-08
      ],
      [
        0.18744218349456787,
        0.9762959480285645,
        -0.10821980237960815,
        -9.633944308973241e-09
      ],
      [
        -0.8454970717430115,
        0.21643957495689392,
        0.4881479740142822,
        1.0822899341583252
      ],
      [
        0.0,
        1.0249383564087111e-09,
        -1.5458581970051455e-08,
        1.0
      ]
    ],
    [
      [
        0.47715869545936584,
        2.927871056712661e-09,
        0.878817081451416,
        -2.996614734129821e-09
      ],
      [
        0.19301754236221313,
        0.9755824208259583,
        -0.10479997843503952,
        2.3555046801959634e-09
      ],
      [
        -0.8573585748672485,
        0.21963335573673248,
        0.46550771594047546,
        1.0885339975357056
      ],
      [
        0.0,
        -5.8057176843817615e-09,
        1.6316890949497065e-08,
        1.0
      ]
    ],
    [
      [
        0.45399051904678345,
        2.245236219167168e-09,
        0.8910065293312073,
        -2.403874965750674e-08
      ],
      [
        0.19853833317756653,
        0.9748585224151611,
        -0.10116033256053925,
        3.5777194540287383e-09
      ],
      [
        -0.868605375289917,
        0.22282478213310242,
        0.44257649779319763,
        1.094778060913086
      ],
      [
        -1.1920928955078125e-07,
        1.0273813799699383e-08,
        -1.0537876349303588e-08,
        1.0
      ]
    ],
    [
      [
        0.43051114678382874,
        -8.386555450101696e-09,
        0.9025853276252747,
        4.866448133356016e-09
      ],
      [
        0.20399674773216248,
        0.9741241931915283,
        -0.09730146825313568,
        -1.834792051624845e-08
      ],
      [
        -0.8792300820350647,
        0.22601383924484253,
        0.41937124729156494,
        1.1010218858718872
      ],
      [
        0.0,
        2.291663747655548e-09,
        -2.8877749969069555e-08,
        0.9999999403953552
      ]
    ],
    [
      [
        0.40673670172691345,
        -6.862461265910724e-09,
        0.913545548915863,
        -4.147993593051069e-08
      ],
      [
        0.2093849629163742,
        0.9733791947364807,
        -0.09322421252727509,
        -2.7724142981355726e-08
      ],
      [
        -0.8892263174057007,
        0.22920039296150208,
        0.39590907096862793,
        1.1072660684585571
      ],
      [
        -1.1920928955078125e-07,
        6.0632459053522325e-09,
        -1.56245505422703e-08,
        1.0
      ]
    ],
    [
      [
        0.3826834559440613,
        2.438451662811758e-09,
        0.9238795042037964,
        3.977111528996602e-09
      ],
      [
        0.21469533443450928,
        0.9726240038871765,
        -0.08892970532178879,
        1.442225183723167e-08
      ],
      [
        -0.8985874652862549,
        0.23238453269004822,
        0.37220707535743713,
        1.1135098934173584
      ],
      [
        -5.960464477539063e-08,
        5.087338550424647e-09,
        1.3207019478045368e-08,
        1.0
      ]
    ],
    [
      [
        0.3583679795265198,
        -1.6663951329931592e-09,
        0.9335804581642151,
        -1.0547904771840422e-08
      ],
      [
        0.21991999447345734,
        0.9718582630157471,
        -0.0844193771481514,
        -2.15735589392807e-08
      ],
      [
        -0.9073079228401184,
        0.23556619882583618,
        0.34828290343284607,
        1.1197539567947388
      ],
      [
        0.0,
        5.551061832420601e-09,
        -1.2096013080054036e-09,
        1.0
      ]
    ],
    [
      [
        0.3338068723678589,
        4.230409356154041e-09,
        0.9426414966583252,
        5.8164275174021896e-08
      ],
      [
        0.22505123913288116,
        0.9710822105407715,
        -0.07969482988119125,
        -6.470762148325093e-09
      ],
      [
        -0.9153822064399719,
        0.2387452870607376,
        0.3241539001464844,
        1.1259976625442505
      ],
      [
        1.1920928955078125e-07,
        -1.3465773385235025e-08,
        -1.7053025658242404e-11,
        0.9999999403953552
      ]
    ],
    [
      [
        0.3090169429779053,
        -2.1107304792877812e-09,
        0.9510564804077148,
        2.11049417941922e-08
      ],
      [
        0.23008136451244354,
        0.9702956676483154,
        -0.07475796341896057,
        6.143368924682591e-09
      ],
      [
        -0.9228059649467468,
        0.24192188680171967,
        0.2998378574848175,
        1.1322418451309204
      ],
      [
        5.960464477539063e-08,
        1.289225703970942e-08,
        3.107423651727004e-08,
        1.0
      ]
    ],
    [
      [
        0.28401535749435425,
        -3.883775523405575e-09,
        0.9588196873664856,
        -3.545036975083349e-08
      ],
      [
        0.2350027859210968,
        0.9694988131523132,
        -0.06961099058389664,
        -2.7133621571806543e-08
      ],
      [
        -0.929574728012085,
        0.24509590864181519,
        0.2753525674343109,
        1.1384859085083008
      ],
      [
        -5.960464477539063e-08,
        1.2272035831983885e-08,
        3.5740992387900405e-09,
        1.0000001192092896
      ]
    ],
    [
      [
        0.2588190734386444,
        -9.635063413782063e-09,
        0.9659258127212524,
        1.5938497188727752e-09
      ],
      [
        0.23980773985385895,
        0.9686915278434753,
        -0.06425628811120987,
        -6.6708212287380775e-09
      ],
      [
        -0.9356842637062073,
        0.2482672482728958,
        0.25071585178375244,
        1.1447298526763916
      ],
      [
        0.0,
        1.2265606308403676e-08,
        1.840707142264364e-08,
        1.0
      ]
    ],
    [
      [
        0.23344536125659943,
        -2.40278552610107e-09,
        0.972369909286499,
        3.3536324828276065e-09
      ],
      [
        0.24448873102664948,
        0.9678739309310913,
        -0.058696549385786057,
        1.5444104661810343e-08
      ],
      [
        -0.9411314725875854,
        0.25143593549728394,
        0.22594568133354187,
        1.1509737968444824
      ],
      [
        5.960464477539063e-08,
        -1.7158043874587747e-09,
        7.02478075709223e-10,
        1.0
      ]
    ],
    [
      [
        0.20791170001029968,
        -6.229009752445336e-09,
        0.978147566318512,
        -1.0144494133612625e-08
      ],
      [
        0.24903829395771027,
        0.9670459032058716,
        -0.05293471738696098,
        -5.801270575034323e-09
      ],
      [
        -0.9459136724472046,
        0.25460195541381836,
        0.20106013119220734,
        1.1572177410125732
      ],
      [
        0.0,
        -6.35537844573264e-09,
        -5.041945527750613e-09,
        1.0
      ]
    ],
    [
      [
        0.1822355091571808,
        1.6615065989711297e-09,
        0.9832549095153809,
        -3.3787554976072443e-09
      ],
      [
        0.2534489035606384,
        0.9662075042724609,
        -0.046973977237939835,
        -1.1610240768789026e-08
      ],
      [
        -0.9500283002853394,
        0.2577652037143707,
        0.17607733607292175,
        1.1634618043899536
      ],
      [
        0.0,
        -7.02898894644477e-09,
        3.0154243546576254e-09,
        1.0
      ]
    ],
    [
      [
        0.15643447637557983,
        -2.7612936381871123e-09,
        0.9876883625984192,
        -3.560781003386637e-09
      ],
      [
        0.25771331787109375,
        0.9653589129447937,
        -0.040817782282829285,
        -4.46892336469773e-08
      ],
      [
        -0.9534737467765808,
        0.2609257996082306,
        0.15101538598537445,
        1.1697057485580444
      ],
      [
        -5.960464477539063e-08,
        1.0357332769217464e-08,
        -5.453877349737013e-10,
        1.0
      ]
    ],
    [
      [
        0.13052618503570557,
        -7.92683696460017e-10,
        0.9914448857307434,
        5.236476585679384e-09
      ],
      [
        0.26182419061660767,
        0.964499831199646,
        -0.034469809383153915,
        1.0031643071783947e-08
      ],
      [
        -0.9562482833862305,
        0.26408347487449646,
        0.12589247524738312,
        1.1759496927261353
      ],
      [
        0.0,
        -1.08118669572832e-09,
        1.474061761541634e-09,
        0.9999999403953552
      ]
    ],
    [
      [
        0.10452846437692642,
        -1.656906278846293e-09,
        0.9945218563079834,
        -2.2506547736611537e-09
      ],
      [
        0.2657743990421295,
        0.9636304378509521,
        -0.027934012934565544,
        -1.0857088561522232e-08
      ],
      [
        -0.9583514332771301,
        0.2672383487224579,
        0.10072679817676544,
        1.182193636894226
      ],
      [
        5.960464477539063e-08,
        -3.0985720655962723e-09,
        1.0877787559593344e-10,
        1.0
      ]
    ],
    [
      [
        0.07845910638570786,
        1.8460075690285294e-09,
        0.9969173669815063,
        1.6161343097120806e-10
      ],
      [
        0.2695568799972534,
        0.9627507328987122,
        -0.021214589476585388,
        -1.749533140582571e-08
      ],
      [
        -0.9597829580307007,
        0.27039042115211487,
        0.0755365639925003,
        1.1884377002716064
      ],
      [
        0.0,
        1.722986375796154e-08,
        -3.4176190766288528e-09,
        1.0
      ]
    ],
    [
      [
        0.052335962653160095,
        -3.792041403105628e-10,
        0.9986295700073242,
        -9.54586365509158e-09
      ],
      [
        0.2731647193431854,
        0.9618607759475708,
        -0.014315955340862274,
        -3.015111715853891e-08
      ],
      [
        -0.9605425000190735,
        0.27353957295417786,
        0.05033989995718002,
        1.1946816444396973
      ],
      [
        5.960464477539063e-08,
        -5.66435431892387e-09,
        1.5350263282698506e-09,
        1.0
      ]
    ],
    [
      [
        0.026176946237683296,
        -4.066338238351008e-11,
        0.9996572732925415,
        7.723304773499251e-10
      ],
      [
        0.2765909433364868,
        0.9609604477882385,
        -0.007242788095027208,
        5.685071080563375e-09
      ],
      [
        -0.9606311321258545,
        0.27668577432632446,
        0.02515500970184803,
        1.200925588607788
      ],
      [
        -5.960464477539063e-08,
        7.066311979997408e-09,
        2.1917379022795558e-10,
        1.0
      ]
    ],
    [
      [
        6.123234262925839e-17,
        -9.91032939024221e-25,
        1.0,
        -3.9832868765974605e-24
      ],
      [
        0.2798289954662323,
        0.9600498080253601,
        -1.7134584822254164e-17,
        -6.767996829637468e-09
      ],
      [
        -0.9600498080253601,
        0.2798290252685547,
        5.878610486014307e-17,
        1.2071696519851685
      ],
      [
        0.0,
        6.384539119608235e-09,
        1.6386759092970934e-24,
        1.0
      ]
    ],
    [
      [
        -0.026176948100328445,
        3.348137600500678e-10,
        0.9996572732925415,
        -3.1094262720188226e-09
      ],
      [
        0.2828723192214966,
        0.9591289758682251,
        0.007407271768897772,
        1.939469207457023e-08
      ],
      [
        -0.9588002562522888,
        0.28296926617622375,
        -0.025107068940997124,
        1.2134134769439697
      ],
      [
        5.960464477539063e-08,
        -1.1566076096869438e-08,
        1.7022627751828168e-10,
        0.9999999403953552
      ]
    ],
    [
      [
        -0.0523359589278698,
        -2.8521329742403623e-10,
        0.9986295700073242,
        3.2264846350216203e-09
      ],
      [
        0.28571438789367676,
        0.958197832107544,
        0.014973657205700874,
        1.922343617621891e-09
      ],
      [
        -0.9568846821784973,
        0.28610649704933167,
        -0.05014820396900177,
        1.2196576595306396
      ],
      [
        -5.960464477539063e-08,
        1.8537763324388834e-08,
        -3.482562682677326e-09,
        1.0
      ]
    ],
    [
      [
        -0.07845910638570786,
        -3.2702138219598e-10,
        0.9969173669815063,
        1.23120358352935e-09
      ],
      [
        0.2883490025997162,
        0.9572563767433167,
        0.022693563252687454,
        -6.074436509351244e-09
      ],
      [
        -0.9543055295944214,
        0.28924062848091125,
        -0.07510548084974289,
        1.225901484489441
      ],
      [
        0.0,
        7.971989290922465e-09,
        -4.648836871012918e-10,
        1.0
      ]
    ],
    [
      [
        -0.10452846437692642,
        2.1568575814256974e-09,
        0.9945218563079834,
        -5.105671885274887e-09
      ],
      [
        0.2907700538635254,
        0.956304669380188,
        0.030561158433556557,
        3.687646099592712e-08
      ],
      [
        -0.9510659575462341,
        0.2923716604709625,
        -0.099961057305336,
        1.2321454286575317
      ],
      [
        0.0,
        -4.606286907460344e-09,
        -2.7434543525828303e-09,
        1.0
      ]
    ],
    [
      [
        -0.13052618503570557,
        1.6041286077239647e-09,
        0.9914448857307434,
        -1.88958937386019e-09
      ],
      [
        0.29297155141830444,
        0.9553427696228027,
        0.038570430129766464,
        2.5110454160426343e-08
      ],
      [
        -0.9471697807312012,
        0.29549962282180786,
        -0.1246972605586052,
        1.238389492034912
      ],
      [
        -5.960464477539063e-08,
        2.084000882973669e-08,
        -1.3674444687694631e-08,
        1.0
      ]
    ],
    [
      [
        -0.15643447637557983,
        1.1644435415902876e-09,
        0.9876883625984192,
        4.327905145373734e-09
      ],
      [
        0.2949478328227997,
        0.9543706774711609,
        0.0467151440680027,
        1.7771750293604782e-08
      ],
      [
        -0.9426208138465881,
        0.2986243665218353,
        -0.14929646253585815,
        1.244633436203003
      ],
      [
        0.0,
        -5.934246871674986e-09,
        -2.4105730744850007e-09,
        1.0
      ]
    ],
    [
      [
        -0.18223552405834198,
        1.1582435011092684e-09,
        0.9832549095153809,
        1.4209227572337113e-08
      ],
      [
        0.29669323563575745,
        0.9533883929252625,
        0.054988835006952286,
        -4.507085904492669e-08
      ],
      [
        -0.9374237656593323,
        0.3017460107803345,
        -0.1737412065267563,
        1.2508776187896729
      ],
      [
        0.0,
        1.0023455843111151e-08,
        2.0038701364910594e-08,
        1.0
      ]
    ],
    [
      [
        -0.20791170001029968,
        7.366434573441438e-09,
        0.978147566318512,
        1.3693754574717332e-08
      ],
      [
        0.2982022762298584,
        0.9523957967758179,
        0.06338484585285187,
        2.361752216017976e-08
      ],
      [
        -0.9315836429595947,
        0.3048643171787262,
        -0.19801419973373413,
        1.2571214437484741
      ],
      [
        0.0,
        -5.224656263180805e-09,
        -1.5470078551516053e-09,
        1.0
      ]
    ],
    [
      [
        -0.23344537615776062,
        4.847670709295926e-09,
        0.972369909286499,
        1.0663339544692008e-08
      ],
      [
        0.29946985840797424,
        0.9513930082321167,
        0.07189635187387466,
        -1.0009187256798668e-08
      ],
      [
        -0.9251059889793396,
        0.30797940492630005,
        -0.22209829092025757,
        1.2633655071258545
      ],
      [
        0.0,
        -4.796874009116436e-10,
        1.8370329257777485e-08,
        1.0
      ]
    ],
    [
      [
        -0.258819043636322,
        5.511058276397307e-09,
        0.9659258127212524,
        1.1566102520177424e-09
      ],
      [
        0.30049100518226624,
        0.9503800868988037,
        0.08051631599664688,
        -2.1001644867624236e-08
      ],
      [
        -0.9179967045783997,
        0.3110911548137665,
        -0.24597644805908203,
        1.2696093320846558
      ],
      [
        -5.960464477539063e-08,
        -1.229983404016366e-08,
        6.582752121175872e-09,
        1.0
      ]
    ],
    [
      [
        -0.28401532769203186,
        6.5308922714280015e-09,
        0.9588196873664856,
        1.3472703841443945e-08
      ],
      [
        0.30126070976257324,
        0.9493569135665894,
        0.08923748880624771,
        -2.3627397816028406e-09
      ],
      [
        -0.9102621674537659,
        0.3141995668411255,
        -0.26963192224502563,
        1.2758535146713257
      ],
      [
        0.0,
        -9.796124800232064e-09,
        1.121319570529522e-08,
        1.0
      ]
    ],
    [
      [
        -0.30901697278022766,
        -2.5261173153268146e-09,
        0.9510564804077148,
        -1.2574131957876489e-08
      ],
      [
        0.30177465081214905,
        0.9483236074447632,
        0.09805252403020859,
        -4.539633735589632e-08
      ],
      [
        -0.901909351348877,
        0.3173046112060547,
        -0.29304811358451843,
        1.282097339630127
      ],
      [
        0.0,
        -8.670895113027655e-09,
        -1.1725635573611726e-08,
        1.0
      ]
    ],
    [
      [
        -0.3338068723678589,
        2.9260502909522756e-09,
        0.9426414966583252,
        4.481454496385595e-08
      ],
      [
        0.30202826857566833,
        0.9472801089286804,
        0.10695382952690125,
        -1.668248117425719e-08
      ],
      [
        -0.8929456472396851,
        0.3204062879085541,
        -0.3162086308002472,
        1.2883414030075073
      ],
      [
        -5.960464477539063e-08,
        -5.479799725094381e-09,
        2.3687517725079488e-08,
        1.0
      ]
    ],
    [
      [
        -0.35836800932884216,
        -2.9387567379579593e-10,
        0.9335804581642151,
        2.3225915413149778e-08
      ],
      [
        0.30201756954193115,
        0.9462265968322754,
        0.11593368649482727,
        -4.1238422454625834e-08
      ],
      [
        -0.8833787441253662,
        0.32350456714630127,
        -0.3390973210334778,
        1.2945854663848877
      ],
      [
        -5.960464477539063e-08,
        -2.348201633139979e-10,
        -1.350989009551995e-08,
        1.0
      ]
    ],
    [
      [
        -0.3826834261417389,
        3.88571574916341e-09,
        0.9238795042037964,
        1.4229324385439668e-08
      ],
      [
        0.3017384707927704,
        0.9451628923416138,
        0.12498416751623154,
        -8.83582540467387e-09
      ],
      [
        -0.8732166290283203,
        0.3265993893146515,
        -0.361698180437088,
        1.3008294105529785
      ],
      [
        0.0,
        -6.559837117947609e-10,
        -2.3836566498403045e-08,
        1.0
      ]
    ],
    [
      [
        -0.40673670172691345,
        6.011337649880488e-09,
        0.913545548915863,
        -1.3964346123884752e-08
      ],
      [
        0.3011874258518219,
        0.9440890550613403,
        0.13409727811813354,
        -1.5770602601605788e-08
      ],
      [
        -0.8624681234359741,
        0.3296906650066376,
        -0.3839956223964691,
        1.3070732355117798
      ],
      [
        5.960464477539063e-08,
        -4.4635726226260886e-09,
        -1.3014187061344273e-08,
        1.0
      ]
    ],
    [
      [
        -0.43051111698150635,
        5.224780608159563e-09,
        0.9025853276252747,
        2.1949562167833392e-08
      ],
      [
        0.30036085844039917,
        0.9430050253868103,
        0.1432648003101349,
        2.0569165926076494e-08
      ],
      [
        -0.8511424660682678,
        0.3327783942222595,
        -0.4059741795063019,
        1.3133172988891602
      ],
      [
        0.0,
        2.9431198811380455e-08,
        -3.977421769718603e-08,
        1.0
      ]
    ],
    [
      [
        -0.45399045944213867,
        3.512536705940761e-09,
