{
  "intrinsic": [
    [
      4216.48095703125,
      0.0,
      378.0
    ],
    [
      0.0,
      2777.01953125,
      238.0
    ],
    [
      0.0,
      0.0,
      1.0
    ]
  ],
  "extrinsic": [
    [
      [
        1.0,
        0.0,
        0.0,
        0.0
      ],
      [
        0.0,
        0.9961946606636047,
        -0.08715574443340302,
        -6.363930715735933e-09
      ],
      [
        0.0,
        0.08715574443340302,
        0.9961947202682495,
        0.8325307965278625
      ],
      [
        0.0,
        0.0,
        0.0,
        1.0
      ]
    ],
    [
      [
        1.0,
        0.0,
        0.0,
        0.0
      ],
      [
        0.0,
        0.9961946606636047,
        -0.08715574443340302,
        -5.1733755057625785e-09
      ],
      [
        0.0,
        0.08715574443340302,
        0.9961947202682495,
        0.8402613997459412
      ],
      [
        0.0,
        0.0,
        0.0,
        1.0
      ]
    ],
    [
      [
        0.9998897314071655,
        3.1135531652903836e-11,
        0.014852872118353844,
        -9.313225746154785e-10
      ],
      [
        0.0012112779077142477,
        0.9966689944267273,
        -0.08154276013374329,
        -3.110482094115241e-09
      ],
      [
        -0.01480339840054512,
        0.08155175298452377,
        0.9965590834617615,
        0.8373960852622986
      ],
      [
        0.0,
        0.0,
        0.0,
        1.0
      ]
    ],
    [
      [
        0.999775767326355,
        -2.2953046407980793e-10,
        0.02117805741727352,
        1.862645149230957e-09
      ],
      [
        0.0017489210003986955,
        0.9965842962265015,
        -0.08256322145462036,
        -2.0565433800356914e-09
      ],
      [
        -0.021105719730257988,
        0.08258173614740372,
        0.996360719203949,
        0.8343908190727234
      ],
      [
        0.0,
        0.0,
        0.0,
        1.0
      ]
    ],
    [
      [
        0.999713659286499,
        -1.8024941261796101e-10,
        0.023929990828037262,
        0.0
      ],
      [
        0.002085267100483179,
        0.9961959719657898,
        -0.08711536973714828,
        -7.0899499604593075e-09
      ],
      [
        -0.023838961496949196,
        0.08714032173156738,
        0.9959107637405396,
        0.831253707408905
      ],
      [
        0.0,
        0.0,
        0.0,
        1.0
      ]
    ],
    [
      [
        0.9997279644012451,
        -4.100658701489124e-11,
        0.023324137553572655,
        0.0
      ],
      [
        0.0022114042658358812,
        0.9954952001571655,
        -0.09478603303432465,
        -1.212940858863476e-09
      ],
      [
        -0.023219067603349686,
        0.0948118269443512,
        0.9952243566513062,
        0.8279926776885986
      ],
      [
        0.0,
        0.0,
        0.0,
        1.0
      ]
    ],
    [
      [
        0.9998084306716919,
        -1.2242651337146526e-11,
        0.019575253129005432,
        0.0
      ],
      [
        0.002058889251202345,
        0.9944534301757812,
        -0.1051580086350441,
        -1.5773474970615098e-08
      ],
      [
        -0.01946667954325676,
        0.10517815500497818,
        0.9942628741264343,
        0.8246163129806519
      ],
      [
        0.0,
        0.0,
        0.0,
        1.0
      ]
    ],
    [
      [
        0.9999168515205383,
        -4.140546239206344e-11,
        0.01289759948849678,
        0.0
      ],
      [
        0.0015195851447060704,
        0.993035078048706,
        -0.11780942231416702,
        -5.111237655341938e-09
      ],
      [
        -0.01280776783823967,
        0.11781921982765198,
        0.9929524064064026,
        0.8211324214935303
      ],
      [
        0.0,
        0.0,
        0.0,
        1.0
      ]
    ],
    [
      [
        0.9999939203262329,
        6.760314530396272e-12,
        0.0035055382177233696,
        2.3283064365386963e-10
      ],
      [
        0.00046382995788007975,
        0.9912078380584717,
        -0.13231268525123596,
        -1.3319684022405909e-08
      ],
      [
        -0.003474717028439045,
        0.13231348991394043,
        0.9912018775939941,
        0.8175496459007263
      ],
      [
        0.0,
        0.0,
        0.0,
        1.0
      ]
    ],
    [
      [
        0.9999648332595825,
        -8.641225235361816e-11,
        -0.008385705761611462,
        -4.656612873077393e-10
      ],
      [
        -0.0012430869974195957,
        0.988951563835144,
        -0.1482335925102234,
        -2.7496756871414618e-08
      ],
      [
        0.008293057791888714,
        0.14823880791664124,
        0.9889168739318848,
        0.8138758540153503
      ],
      [
        0.0,
        0.0,
        0.0,
        1.0
      ]
    ],
    [
      [
        0.9997456073760986,
        -9.874821793598443e-11,
        -0.02255924604833126,
        -1.862645149230957e-09
      ],
      [
        -0.003726186929270625,
        0.9862645268440247,
        -0.1651313453912735,
        -7.695328818613234e-09
      ],
      [
        0.022249385714530945,
        0.16517338156700134,
        0.9860135912895203,
        0.8101192116737366
      ],
      [
        0.0,
        0.0,
        0.0,
        1.0
      ]
    ],
    [
      [
        0.999247133731842,
        -3.584310626081333e-11,
        -0.03879585117101669,
        0.0
      ],
      [
        -0.007087902165949345,
        0.9831690788269043,
        -0.18255987763404846,
        -1.05713660047968e-09
      ],
      [
        0.03814288601279259,
        0.18269741535186768,
        0.982429027557373,
        0.8062881231307983
      ],
      [
        0.0,
        0.0,
        0.0,
        1.0
      ]
    ],
    [
      [
        0.9983814358711243,
        1.27104016200974e-09,
        -0.05687345936894417,
        7.450580596923828e-09
      ],
      [
        -0.011398132890462875,
        0.979711651802063,
        -0.2000877857208252,
        -7.481510522211465e-09
      ],
      [
        0.055719587951898575,
        0.20041216909885406,
        0.9781258702278137,
        0.8023905754089355
      ],
      [
        0.0,
        0.0,
        0.0,
        1.0
      ]
    ],
    [
      [
        0.997064471244812,
        8.036150633827788e-10,
        -0.07656693458557129,
        3.725290298461914e-09
      ],
      [
        -0.01669112779200077,
        0.9759500622749329,
        -0.2173539698123932,
        -8.982440569127448e-09
      ],
      [
        0.07472550868988037,
        0.21799391508102417,
        0.9730850458145142,
        0.7984350323677063
      ],
      [
        0.0,
        0.0,
        0.0,
        1.0
      ]
    ],
    [
      [
        0.9952210187911987,
        1.4717846941181278e-09,
        -0.09764818847179413,
        0.0
      ],
      [
        -0.022961119189858437,
        0.9719611406326294,
        -0.2340175360441208,
        8.2245881216636e-09
      ],
      [
        0.09491024166345596,
        0.23514126241207123,
        0.9673161506652832,
        0.7944294810295105
      ],
      [
        0.0,
        0.0,
        0.0,
        1.0
      ]
    ],
    [
      [
        0.9927876591682434,
        -1.3965293366169362e-09,
        -0.11988642066717148,
        0.0
      ],
      [
        -0.03015841171145439,
        0.9678422212600708,
        -0.24974387884140015,
        7.536559820664479e-09
      ],
      [
        0.11603112518787384,
        0.25155821442604065,
        0.9608616828918457,
        0.7903822660446167
      ],
      [
        0.0,
        0.0,
        0.0,
        1.0
      ]
    ],
    [
      [
        0.9897156357765198,
        -6.898259741205948e-10,
        -0.14304889738559723,
        7.450580596923828e-09
      ],
      [
        -0.038187526166439056,
        0.9637092351913452,
        -0.26420891284942627,
        9.324686800482596e-09
      ],
      [
        0.13785751163959503,
        0.2669543921947479,
        0.9537979364395142,
        0.78630131483078
      ],
      [
        0.0,
        0.0,
        0.0,
        1.0
      ]
    ],
    [
      [
        0.9859735369682312,
        1.0242462877840808e-08,
        -0.16690190136432648,
        0.0
      ],
      [
        -0.046907007694244385,
        0.9596943855285645,
        -0.2771032452583313,
        -5.333355090897385e-09
      ],
      [
        0.16017484664916992,
        0.2810453176498413,
        0.9462332725524902,
        0.7821952104568481
      ],
      [
        0.0,
        0.0,
        0.0,
        1.0
      ]
    ],
    [
      [
        0.9815488457679749,
        1.7603332125304405e-09,
        -0.19121181964874268,
        0.0
      ],
      [
        -0.05613062530755997,
        0.9559429883956909,
        -0.28813567757606506,
        -1.8834448667348624e-08
      ],
      [
        0.18278762698173523,
        0.293552041053772,
        0.9383047819137573,
        0.7780718207359314
      ],
      [
        0.0,
        0.0,
        0.0,
        1.0
      ]
    ],
    [
      [
        0.9764494299888611,
        -8.403111984023326e-09,
        -0.21574635803699493,
        -1.4901161193847656e-08
      ],
      [
        -0.06562995910644531,
        0.9526082873344421,
        -0.2970355451107025,
        -2.077425520496945e-08
      ],
      [
        0.20552176237106323,
        0.3041996359825134,
        0.9301738142967224,
        0.7739394307136536
      ],
      [
        0.0,
        0.0,
        0.0,
        1.0
      ]
    ],
    [
      [
        0.9707046151161194,
        2.409743071751791e-09,
        -0.24027621746063232,
        -2.9802322387695312e-08
      ],
      [
        -0.07513820379972458,
        0.9498466849327087,
        -0.30355480313301086,
        -8.249960714579174e-09
      ],
      [
        0.22822555899620056,
        0.31271594762802124,
        0.9220204949378967,
        0.7698063254356384
      ],
      [
        0.0,
        0.0,
        0.0,
        1.0
      ]
    ],
    [
      [
        0.9643648266792297,
        3.746739363208462e-09,
        -0.26457616686820984,
        0.0
      ],
      [
        -0.08435467630624771,
        0.947812020778656,
        -0.30746790766716003,
        -3.371430778997819e-08
      ],
      [
        0.2507685124874115,
        0.3188294470310211,
        0.9140366315841675,
        0.7656806111335754
      ],
      [
        0.0,
        0.0,
        0.0,
        1.0
      ]
    ],
    [
      [
        0.957502007484436,
        -1.1395487220511313e-08,
        -0.2884266972541809,
        0.0
      ],
      [
        -0.09297285228967667,
        0.9466223120689392,
        -0.3086458742618561,
        2.5932145319984556e-10
      ],
      [
        0.273031085729599,
        0.3223448693752289,
        0.9063926935195923,
        0.761570394039154
      ],
      [
        0.0,
        0.0,
        0.0,
        1.0
      ]
    ],
    [
      [
        0.9502084851264954,
        -6.176440692229335e-09,
        -0.31161484122276306,
        0.0
      ],
      [
        -0.10076859593391418,
        0.9462707042694092,
        -0.30727410316467285,
        2.6461666635668735e-08
      ],
      [
        0.2948720157146454,
        0.3233754634857178,
        0.8991544246673584,
        0.7574840188026428
      ],
      [
        0.0,
        0.0,
        0.0,
        1.0
      ]
    ],
    [
      [
        0.9425958395004272,
        -1.1958261048050645e-08,
        -0.33393561840057373,
        -2.9802322387695312e-08
      ],
      [
        -0.10756269097328186,
        0.9467035531997681,
        -0.30361589789390564,
        -2.4428224776329444e-08
      ],
      [
        0.31613802909851074,
        0.32210612297058105,
        0.8923589587211609,
        0.7534298300743103
      ],
      [
        0.0,
        0.0,
        0.0,
        1.0
      ]
    ],
    [
      [
        0.9347932934761047,
        1.075896705060586e-09,
        -0.3551921844482422,
        0.0
      ],
      [
        -0.11320541799068451,
        0.947850227355957,
        -0.29793357849121094,
        -6.106420258333856e-09
      ],
      [
        0.3366689682006836,
        0.3187159597873688,
        0.8860440850257874,
        0.7494156956672668
      ],
      [
        0.0,
        0.0,
        0.0,
        1.0
      ]
    ],
    [
      [
        0.9269453883171082,
        6.456041923286193e-09,
        -0.37519630789756775,
        0.0
      ],
      [
        -0.11757910996675491,
        0.949627697467804,
        -0.29048630595207214,
        -5.262709379394437e-09
      ],
      [
        0.3562968373298645,
        0.3133802115917206,
        0.8802529573440552,
        0.7454499006271362
      ],
      [
        0.0,
        0.0,
        0.0,
        1.0
      ]
    ],
    [
      [
        0.9192096590995789,
        6.471054803114384e-10,
        -0.39376842975616455,
        2.9802322387695312e-08
      ],
      [
        -0.12059994786977768,
        0.9519443511962891,
        -0.28152745962142944,
        -1.3813600929779568e-08
      ],
      [
        0.37484562397003174,
        0.3062712252140045,
        0.875036358833313,
        0.741540789604187
      ],
      [
        0.0,
        0.0,
        0.0,
        1.0
      ]
    ],
    [
      [
        0.9117532968521118,
        -6.530218144007449e-09,
        -0.41073817014694214,
        -2.9802322387695312e-08
      ],
      [
        -0.12221930921077728,
        0.9547029733657837,
        -0.2713014781475067,
        -2.6302590327986763e-08
      ],
      [
        0.392132967710495,
        0.2975601553916931,
        0.8704537153244019,
        0.7376964688301086
      ],
      [
        0.0,
        0.0,
        0.0,
        1.0
      ]
    ],
    [
      [
        0.9047131538391113,
        1.9569153408838247e-08,
        -0.42602136731147766,
        2.9802322387695312e-08
      ],
      [
        -0.12244638800621033,
        0.9578050971031189,
        -0.26003119349479675,
        1.3305115231787568e-08
      ],
      [
        0.4080454409122467,
        0.287418395280838,
        0.8665388226509094,
        0.7339249849319458
      ],
      [
        0.0,
        0.0,
        0.0,
        1.0
      ]
    ],
    [
      [
        0.8981647491455078,
        -5.011608905647336e-10,
        -0.43965908885002136,
        2.9802322387695312e-08
      ],
      [
        -0.12135399132966995,
        0.9611523747444153,
        -0.24790997803211212,
        -8.76124239823639e-09
      ],
      [
        0.4225793778896332,
        0.2760183811187744,
        0.8632731437683105,
        0.7302348017692566
      ],
      [
        0.0,
        0.0,
        0.0,
        1.0
      ]
    ],
    [
      [
        0.8921691179275513,
        -5.036853600870472e-09,
        -0.45170146226882935,
        0.0
      ],
      [
        -0.11903887987136841,
        0.9646499752998352,
        -0.23511728644371033,
        3.592919739503486e-09
      ],
      [
        0.4357337951660156,
        0.26353442668914795,
        0.860630989074707,
        0.7266339659690857
      ],
      [
        0.0,
        0.0,
        0.0,
        1.0
      ]
    ],
    [
      [
        0.8867777585983276,
        -7.577064309316484e-09,
        -0.4621959626674652,
        8.940696716308594e-08
      ],
      [
        -0.1156153529882431,
        0.9682087898254395,
        -0.22182175517082214,
        2.705475843356453e-08
      ],
      [
        0.44750216603279114,
        0.2501435875892639,
        0.8585859537124634,
        0.7231305241584778
      ],
      [
        0.0,
        0.0,
        0.0,
        1.0
      ]
    ],
    [
      [
        0.8820329904556274,
        -2.548306454741578e-09,
        -0.47118765115737915,
        2.9802322387695312e-08
      ],
      [
        -0.11121249943971634,
        0.9717467427253723,
        -0.20818261802196503,
        -1.285831796593584e-08
      ],
      [
        0.4578751027584076,
        0.23602591454982758,
        0.8571126461029053,
        0.7197331786155701
      ],
      [
        0.0,
        0.0,
        0.0,
        1.0
      ]
    ],
    [
      [
        0.8779685497283936,
        -1.901927682013138e-08,
        -0.47871825098991394,
        -2.9802322387695312e-08
      ],
      [
        -0.10597125440835953,
        0.975191056728363,
        -0.19435113668441772,
        -2.428932788234306e-08
      ],
      [
        0.46684178709983826,
        0.2213645875453949,
        0.8561872243881226,
        0.7164496779441833
      ],
      [
        0.0,
        0.0,
        0.0,
        1.0
      ]
    ],
    [
      [
        0.8746106028556824,
        -1.951390160570554e-09,
        -0.48482614755630493,
        2.9802322387695312e-08
      ],
      [
        -0.10004190355539322,
        0.9784790873527527,
        -0.18047232925891876,
        -1.1924583986910875e-08
      ],
      [
        0.474392294883728,
        0.20634593069553375,
        0.8557882308959961,
        0.7132881879806519
      ],
      [
        0.0,
        0.0,
        0.0,
        1.0
      ]
    ],
    [
      [
        0.8719772100448608,
        5.565155447584402e-09,
        -0.4895464777946472,
        0.0
      ],
      [
        -0.09358131885528564,
        0.9815590381622314,
        -0.16668649017810822,
        -8.751278812724195e-09
      ],
      [
        0.48051872849464417,
        0.1911592185497284,
        0.855897068977356,
        0.7102570533752441
      ],
      [
        0.0,
        0.0,
        0.0,
        1.0
      ]
    ],
    [
      [
        0.8700798749923706,
        -1.0838384412181767e-08,
        -0.4929107427597046,
        -2.9802322387695312e-08
      ],
      [
        -0.08675052970647812,
        0.9843908548355103,
        -0.15313094854354858,
        -8.582624388964177e-09
      ],
      [
        0.48521676659584045,
        0.17599642276763916,
        0.8564985990524292,
        0.707364559173584
      ],
      [
        0.0,
        0.0,
        0.0,
        1.0
      ]
    ],
    [
      [
        0.8689231872558594,
        -3.757306021867635e-09,
        -0.49494707584381104,
        -2.9802322387695312e-08
      ],
      [
        -0.07971199601888657,
        0.9869459271430969,
        -0.13994143903255463,
        1.7780754646423702e-09
      ],
      [
        0.48848602175712585,
        0.16105158627033234,
        0.8575802445411682,
        0.7046187520027161
      ],
      [
        0.0,
        0.0,
        0.0,
        1.0
      ]
    ],
    [
      [
        0.8685052394866943,
        -2.176545610410585e-09,
        -0.4956798851490021,
        0.0
      ],
      [
        -0.0726272240281105,
        0.9892075657844543,
        -0.12725375592708588,
        1.4033290085535555e-09
      ],
      [
        0.4903302788734436,
        0.14652042090892792,
        0.8591319918632507,
        0.7020277976989746
      ],
      [
        0.0,
        0.0,
        0.0,
        1.0
      ]
    ],
    [
      [
        0.8688185214996338,
        -2.8224347303762443e-09,
        -0.4951305687427521,
        2.9802322387695312e-08
      ],
      [
        -0.06565428525209427,
        0.9911695718765259,
        -0.1152053102850914,
        -3.552958816044338e-09
      ],
      [
        0.49075838923454285,
        0.13259996473789215,
        0.8611466884613037,
        0.699600100517273
      ],
      [
        0.0,
        0.0,
        0.0,
        1.0
      ]
    ],
    [
      [
        0.8698495626449585,
        2.597520420977162e-09,
        -0.4933168888092041,
        0.0
      ],
      [
        -0.05894527956843376,
        0.9928356409072876,
        -0.10393629968166351,
        -2.2648691810900345e-09
      ],
      [
        0.4897826015949249,
        0.11948765069246292,
        0.8636177778244019,
        0.697343647480011
      ],
      [
        0.0,
        0.0,
        0.0,
        1.0
      ]
    ],
    [
      [
        0.8715758323669434,
        6.579635947190354e-09,
        -0.4902608394622803,
        0.0
      ],
      [
        -0.05262594297528267,
        0.9942220449447632,
        -0.09355733543634415,
        2.2657307141571437e-09
      ],
      [
        0.48742812871932983,
        0.10734274238348007,
        0.8665398359298706,
        0.6952666640281677
      ],
      [
        0.0,
        0.0,
        0.0,
        1.0
      ]
    ],
    [
      [
        0.8739537000656128,
        -4.990692303863398e-09,
        -0.4860091805458069,
        -2.9802322387695312e-08
      ],
      [
        -0.046739205718040466,
        0.9953649044036865,
        -0.0840475931763649,
        -1.207754962706531e-08
      ],
      [
        0.4837564527988434,
        0.09616939723491669,
        0.8699028491973877,
        0.6933775544166565
      ],
      [
        0.0,
        0.0,
        0.0,
        1.0
      ]
    ],
    [
      [
        0.8769323229789734,
        -7.931744150369013e-11,
        -0.4806138277053833,
        0.0
      ],
      [
        -0.041300080716609955,
        0.9963010549545288,
        -0.07535651326179504,
        -8.317302402360838e-09
      ],
      [
        0.4788360297679901,
        0.08593195676803589,
        0.8736886382102966,
        0.6916841864585876
      ],
      [
        0.0,
        0.0,
        0.0,
        1.0
      ]
    ],
    [
      [
        0.8804575800895691,
        -2.2120041354156683e-09,
        -0.4741249084472656,
        0.0
      ],
      [
        -0.0363149531185627,
        0.9970623850822449,
        -0.06743744760751724,
        -1.140477046135402e-09
      ],
      [
        0.4727321267127991,
        0.07659365236759186,
        0.8778710961341858,
        0.6901949644088745
      ],
      [
        0.0,
        0.0,
        0.0,
        1.0
      ]
    ],
    [
      [
        0.8844727277755737,
        1.7853736267170461e-09,
        -0.4665919542312622,
        0.0
      ],
      [
        -0.031782787293195724,
        0.9976773262023926,
        -0.060247521847486496,
        -6.847691746969531e-09
      ],
      [
        0.46550822257995605,
        0.06811687350273132,
        0.8824183940887451,
        0.6889180541038513
      ],
      [
        0.0,
        0.0,
        0.0,
        1.0
      ]
    ],
    [
      [
        0.8889193534851074,
        6.624455428649867e-10,
        -0.4580637812614441,
        2.9802322387695312e-08
      ],
      [
        -0.027696050703525543,
        0.9981704354286194,
        -0.05374699831008911,
        -7.763842901908902e-10
      ],
      [
        0.4572256803512573,
        0.060463301837444305,
        0.8872928619384766,
        0.6878615617752075
      ],
      [
        0.0,
        0.0,
        0.0,
        1.0
      ]
    ],
    [
      [
        0.8937379121780396,
        -3.0131463990556995e-09,
        -0.4485894441604614,
        -2.9802322387695312e-08
      ],
      [
        -0.02404172532260418,
        0.998562753200531,
        -0.0478990413248539,
        -7.057990192294028e-09
      ],
      [
        0.447944700717926,
        0.05359405279159546,
        0.8924535512924194,
        0.6870339512825012
      ],
      [
        0.0,
        0.0,
        0.0,
        1.0
      ]
    ],
    [
      [
        0.8988686800003052,
        1.637934232689986e-11,
        -0.4382181763648987,
        0.0
      ],
      [
        -0.020802125334739685,
        0.9988726377487183,
        -0.042669110000133514,
        -2.0148549495502266e-09
      ],
      [
        0.43772417306900024,
        0.04746979475021362,
        0.8978554010391235,
        0.686443030834198
      ],
      [
        0.0,
        0.0,
        0.0,
        1.0
      ]
    ],
    [
      [
        0.9042515754699707,
        -1.061739585139776e-10,
        -0.4270001947879791,
        5.960464477539063e-08
      ],
      [
        -0.017955724149942398,
        0.999115526676178,
        -0.038024548441171646,
        8.83979112131783e-10
      ],
      [
        0.42662250995635986,
        0.04205085337162018,
        0.9034516215324402,
        0.6860971450805664
      ],
      [
        0.0,
        0.0,
        0.0,
        1.0
      ]
    ],
    [
      [
        0.9098273515701294,
        8.188730804548072e-10,
        -0.4149869382381439,
        2.9802322387695312e-08
      ],
      [
        -0.015477899461984634,
        0.9993042349815369,
        -0.03393411636352539,
        -4.718833768180275e-09
      ],
      [
        0.41469821333885193,
        0.037297312170267105,
        0.9091942310333252,
        0.6860047578811646
      ],
      [
        0.0,
        0.0,
        0.0,
        1.0
      ]
    ],
    [
      [
        0.9155381917953491,
        7.105152022290895e-10,
        -0.40223127603530884,
        0.0
      ],
      [
        -0.013341633602976799,
        0.9994498491287231,
        -0.030367538332939148,
        -6.989614220742624e-09
      ],
      [
        0.4020099341869354,
        0.033169057220220566,
        0.915034294128418,
        0.686173677444458
      ],
      [
        0.0,
        0.0,
        0.0,
        1.0
      ]
    ],
    [
      [
        0.9213274717330933,
        9.376259768600903e-10,
        -0.3887874484062195,
        2.9802322387695312e-08
      ],
      [
        -0.011518141254782677,
        0.999561071395874,
        -0.02729506604373455,
        -5.175062600670799e-09
      ],
      [
        0.38861680030822754,
        0.02962580695748329,
        0.9209229350090027,
        0.6866122484207153
      ],
      [
        0.0,
        0.0,
        0.0,
        1.0
      ]
    ],
    [
      [
        0.9271413087844849,
        6.220500781140004e-10,
        -0.3747119903564453,
        0.0
      ],
      [
        -0.009977531619369984,
        0.9996454119682312,
        -0.024687180295586586,
        -5.327942531607732e-09
      ],
      [
        0.3745791018009186,
        0.026627201586961746,
        0.9268125295639038,
        0.6873288154602051
      ],
      [
        0.0,
        0.0,
        0.0,
        1.0
      ]
    ],
    [
      [
        0.9329279661178589,
        -1.4299886830215769e-09,
        -0.36006295680999756,
        0.0
      ],
      [
        -0.00868932344019413,
        0.9997087717056274,
        -0.022514155134558678,
        -7.470281282451197e-09
      ],
      [
        0.35995808243751526,
        0.02413279004395008,
        0.9326562881469727,
        0.6883313059806824
      ],
      [
        0.0,
        0.0,
        0.0,
        1.0
      ]
    ],
    [
      [
        0.9386391639709473,
        -4.369837824924616e-13,
        -0.3449006974697113,
        0.0
      ],
      [
        -0.007623009383678436,
        0.9997557401657104,
        -0.020745838060975075,
        -1.9663906059008696e-09
      ],
      [
        0.3448164761066437,
        0.02210203930735588,
        0.9384098649024963,
        0.6896281242370605
      ],
      [
        0.0,
        0.0,
        0.0,
        1.0
      ]
    ],
    [
      [
        0.9442296624183655,
        5.4055204756764397e-11,
        -0.32928767800331116,
        -4.470348358154297e-08
      ],
      [
        -0.0067485603503882885,
        0.9997899532318115,
        -0.01935144141316414,
        -5.338482989003523e-10
      ],
      [
        0.3292185068130493,
        0.02049442194402218,
        0.9440313577651978,
        0.691227376461029
      ],
      [
        0.0,
        0.0,
        0.0,
        1.0
      ]
    ],
    [
      [
        0.9496580958366394,
        3.526135772258243e-10,
        -0.31328803300857544,
        -1.4901161193847656e-08
      ],
      [
        -0.0060368613339960575,
        0.9998142123222351,
        -0.01829930581152439,
        -4.7446979678511525e-09
      ],
      [
        0.31322991847991943,
        0.019269365817308426,
        0.9494817852973938,
        0.6931372284889221
      ],
      [
        0.0,
        0.0,
        0.0,
        1.0
      ]
    ],
    [
      [
        0.9548872709274292,
        -2.0700428038367136e-09,
        -0.29696840047836304,
        -4.470348358154297e-08
      ],
      [
        -0.005460136104375124,
        0.9998309016227722,
        -0.017556803300976753,
        -1.3279475297167664e-09
      ],
      [
        0.29691818356513977,
        0.01838625594973564,
        0.954725980758667,
        0.6953659057617188
      ],
      [
        0.0,
        0.0,
        0.0,
        1.0
      ]
    ],
    [
      [
        0.9598841667175293,
        3.911268808831636e-10,
        -0.2803966701030731,
        0.0
      ],
      [
        -0.004992327187210321,
        0.9998415112495422,
        -0.017090274021029472,
        -6.227733884145437e-09
      ],
      [
        0.2803522050380707,
        0.017804516479372978,
        0.959731936454773,
        0.6979215741157532
      ],
      [
        0.0,
        0.0,
        0.0,
        1.0
      ]
    ],
    [
      [
        0.9646202921867371,
        9.944955969842795e-10,
        -0.26364296674728394,
        0.0
      ],
      [
        -0.004609398078173399,
        0.9998471140861511,
        -0.016864925622940063,
        -7.664080481362134e-10
      ],
      [
        0.2636026442050934,
        0.017483489587903023,
        0.964472770690918,
        0.7008124589920044
      ],
      [
        0.0,
        0.0,
        0.0,
        1.0
      ]
    ],
    [
      [
        0.9690718650817871,
        -1.8171109061881907e-09,
        -0.246778666973114,
        0.0
      ],
      [
        -0.004292257130146027,
        0.9998487234115601,
        -0.016855206340551376,
        -6.33968078034286e-09
      ],
      [
        0.24674133956432343,
        0.017393149435520172,
        0.9689252376556396,
        0.704046905040741
      ],
      [
        0.0,
        0.0,
        0.0,
        1.0
      ]
    ],
    [
      [
        0.9732198119163513,
        1.2240675140162693e-10,
        -0.22987665235996246,
        -1.4901161193847656e-08
      ],
      [
        -0.004033318720757961,
        0.9998459815979004,
        -0.01707570254802704,
        -7.4003914107834134e-09
      ],
      [
        0.22984124720096588,
        0.017545579001307487,
        0.9730699062347412,
        0.7076328992843628
      ],
      [
        0.0,
        0.0,
        0.0,
        1.0
      ]
    ],
    [
      [
        0.9770498275756836,
        9.993200711377881e-12,
        -0.21301084756851196,
        -1.4901161193847656e-08
      ],
      [
        -0.0038264100439846516,
        0.999838650226593,
        -0.017551187425851822,
        -6.8098611194500336e-09
      ],
      [
        0.21297645568847656,
        0.01796344853937626,
        0.9768921136856079,
        0.7115786075592041
      ],
      [
        0.0,
        0.0,
        0.0,
        1.0
      ]
    ],
    [
      [
        0.9805525541305542,
        9.291044600345799e-10,
        -0.19625617563724518,
        1.4901161193847656e-08
      ],
      [
        -0.0036639885511249304,
        0.999825656414032,
        -0.018306346610188484,
        7.181820693702434e-10
      ],
      [
        0.1962219625711441,
        0.01866941899061203,
        0.9803817272186279,
        0.7158923745155334
      ],
      [
        0.0,
        0.0,
        0.0,
        1.0
      ]
    ],
    [
      [
        0.9837236404418945,
        9.987646265585681e-10,
        -0.17968839406967163,
        -1.4901161193847656e-08
      ],
      [
        -0.0035373717546463013,
        0.9998062252998352,
        -0.01936572790145874,
        -3.282576876983967e-09
      ],
      [
        0.17965355515480042,
        0.019686147570610046,
        0.9835330247879028,
        0.7205824255943298
      ],
      [
        0.0,
        0.0,
        0.0,
        1.0
      ]
    ],
    [
      [
        0.9865626096725464,
        6.206797298347055e-10,
        -0.16338348388671875,
        7.450580596923828e-09
      ],
      [
        -0.003436980303376913,
        0.9997786283493042,
        -0.020753607153892517,
        -9.588984717368021e-09
      ],
      [
        0.16334731876850128,
        0.021036267280578613,
        0.9863443374633789,
        0.7256567478179932
      ],
      [
        0.0,
        0.0,
        0.0,
        1.0
      ]
    ],
    [
      [
        0.9890742897987366,
        1.846918173953327e-09,
        -0.14741793274879456,
        1.4901161193847656e-08
      ],
      [
        -0.003352641360834241,
        0.9997413158416748,
        -0.02249394729733467,
        -7.170249283205976e-09
      ],
      [
        0.1473798006772995,
        0.022742420434951782,
        0.988818347454071,
        0.731123685836792
      ],
      [
        0.0,
        0.0,
        0.0,
        1.0
      ]
    ],
    [
      [
        0.9912672638893127,
        4.402189723862193e-11,
        -0.13186825811862946,
        7.450580596923828e-09
      ],
      [
        -0.0032739220187067986,
        0.9996916651725769,
        -0.024610405787825584,
        1.154774831313432e-09
      ],
      [
        0.13182760775089264,
        0.02482721395790577,
        0.9909616112709045,
        0.7369914650917053
      ],
      [
        0.0,
        0.0,
        0.0,
        1.0
      ]
    ],
    [
      [
        0.9931542277336121,
        4.640193784766211e-10,
        -0.11681078374385834,
        1.4901161193847656e-08
      ],
      [
        -0.0031904829666018486,
        0.9996268153190613,
        -0.02712627314031124,
        -2.7720734596670127e-09
      ],
      [
        0.11676720529794693,
        0.027313249185681343,
        0.9927835464477539,
        0.7432681918144226
      ],
      [
        0.0,
        0.0,
        0.0,
        1.0
      ]
    ],
    [
      [
        0.9947513341903687,
        1.784544734206861e-12,
        -0.10232163965702057,
        -7.450580596923828e-09
      ],
      [
        -0.0030924747698009014,
        0.9995430707931519,
        -0.030064450576901436,
        -4.817445553584321e-09
      ],
      [
        0.10227488726377487,
        0.03022308088839054,
        0.9942969679832458,
        0.7499621510505676
      ],
      [
        0.0,
        0.0,
        0.0,
        1.0
      ]
    ],
    [
      [
        0.9960783123970032,
        -6.598465107643392e-10,
        -0.08847645670175552,
        7.450580596923828e-09
      ],
      [
        -0.002970971865579486,
        0.9994360208511353,
        -0.03344754874706268,
        -4.581465873343404e-09
      ],
      [
        0.08842656016349792,
        0.03357923775911331,
        0.9955165982246399,
        0.7570815086364746
      ],
      [
        0.0,
        0.0,
        0.0,
        1.0
      ]
    ],
    [
      [
        0.9971571564674377,
        9.26924426103426e-10,
        -0.07535039633512497,
        3.725290298461914e-09
      ],
      [
        -0.0028184200637042522,
        0.9993003010749817,
        -0.037297844886779785,
        -2.576751256810894e-09
      ],
      [
        0.07529766857624054,
        0.037404175847768784,
        0.9964593052864075,
        0.7646342515945435
      ],
      [
        0.0,
        0.0,
        0.0,
        1.0
      ]
    ],
    [
      [
        0.9980124235153198,
        9.111378318493735e-11,
        -0.06301802396774292,
        0.0
      ],
      [
        -0.00262913154438138,
        0.9991292953491211,
        -0.04163739085197449,
        -7.345709374106946e-09
      ],
      [
        0.06296315044164658,
        0.04172031208872795,
        0.9971434473991394,
        0.772628903388977
      ],
      [
        0.0,
        0.0,
        0.0,
        1.0
      ]
    ],
    [
      [
        0.9986701607704163,
        8.295791831258725e-11,
        -0.05155317857861519,
        -3.725290298461914e-09
      ],
      [
        -0.0023997973185032606,
        0.9989159107208252,
        -0.046488042920827866,
        -1.771322866161995e-09
      ],
      [
        0.05149729177355766,
        0.04654994234442711,
        0.9975876808166504,
        0.7810735106468201
      ],
      [
        0.0,
        0.0,
        0.0,
        1.0
      ]
    ],
    [
      [
        0.9991579055786133,
        -3.6396774483193894e-10,
        -0.04102907329797745,
        0.0
      ],
      [
        -0.0021300355438143015,
        0.9986514449119568,
        -0.05187155678868294,
        -2.402059884332175e-09
      ],
      [
        0.04097374528646469,
        0.05191527679562569,
        0.9978105425834656,
        0.7899762392044067
      ],
      [
        0.0,
        0.0,
        0.0,
        1.0
      ]
    ],
    [
      [
        0.9995031952857971,
        8.181223754011313e-11,
        -0.03151824325323105,
        3.725290298461914e-09
      ],
      [
        -0.0018229626584798098,
        0.9983259439468384,
        -0.05780959501862526,
        5.416729287333055e-09
      ],
      [
        0.031465478241443634,
        0.05783833563327789,
        0.9978298544883728,
        0.7993451952934265
      ],
      [
        0.0,
        0.0,
        0.0,
        1.0
      ]
    ],
    [
      [
        0.9997333884239197,
        -6.357478432583719e-11,
        -0.023092592135071754,
        0.0
      ],
      [
        -0.0014858008362352848,
        0.9979280233383179,
        -0.06432384997606277,
        -6.759394377553463e-09
      ],
      [
        0.02304474450647831,
        0.06434100866317749,
        0.997661828994751,
        0.8091889023780823
      ],
      [
        0.0,
        0.0,
        0.0,
        1.0
      ]
    ],
    [
      [
        0.9998747706413269,
        1.2723849751594685e-12,
        -0.015823472291231155,
        0.0
      ],
      [
        -0.0011305063962936401,
        0.9974444508552551,
        -0.07143595814704895,
        -1.0458128585355553e-08
      ],
      [
        0.0157830361276865,
        0.07144489884376526,
        0.9973196387290955,
        0.8195152878761292
      ],
      [
        0.0,
        0.0,
        0.0,
        1.0
      ]
    ],
    [
      [
        0.9999522566795349,
        -3.250970326273972e-11,
        -0.009781773202121258,
        0.0
      ],
      [
        -0.0007744366303086281,
        0.996860921382904,
        -0.07916761189699173,
        -7.0197545554151475e-09
      ],
      [
        0.009751067496836185,
        0.07917139679193497,
        0.9968133568763733,
        0.8303325772285461
      ],
      [
        0.0,
        0.0,
        0.0,
        1.0
      ]
    ]
  ],
  "height": 476,
  "width": 756
}