{
  "intrinsic": [
    [
      1113.0782470703125,
      0.0,
      378.0
    ],
    [
      0.0,
      754.2955932617188,
      238.0
    ],
    [
      0.0,
      0.0,
      1.0
    ]
  ],
  "extrinsic": [
    [
      [
        1.0,
        0.0,
        0.0,
        0.0
      ],
      [
        0.0,
        0.9961946606636047,
        -0.08715574443340302,
        -2.122718001373869e-09
      ],
      [
        0.0,
        0.08715574443340302,
        0.9961947202682495,
        0.9490633010864258
      ],
      [
        0.0,
        0.0,
        0.0,
        1.0
      ]
    ],
    [
      [
        1.0,
        0.0,
        0.0,
        0.0
      ],
      [
        0.0,
        0.9961946606636047,
        -0.08715574443340302,
        -2.122718001373869e-09
      ],
      [
        0.0,
        0.08715574443340302,
        0.9961947202682495,
        0.9490633010864258
      ],
      [
        0.0,
        0.0,
        0.0,
        1.0
      ]
    ],
    [
      [
        0.9998988509178162,
        -3.2041300168650366e-11,
        -0.014229467138648033,
        9.313225746154785e-10
      ],
      [
        -0.0015379866817966104,
        0.9941417574882507,
        -0.10807368159294128,
        1.0711530329388097e-08
      ],
      [
        0.014146107248961926,
        0.10808462649583817,
        0.9940410256385803,
        0.951435923576355
      ],
      [
        0.0,
        0.0,
        0.0,
        1.0
      ]
    ],
    [
      [
        0.9998528361320496,
        -9.280090584873335e-11,
        -0.017155613750219345,
        0.0
      ],
      [
        -0.002165890298783779,
        0.9919984936714172,
        -0.12623107433319092,
        6.985531264547262e-09
      ],
      [
        0.017018340528011322,
        0.12624967098236084,
        0.9918524622917175,
        0.953808605670929
      ],
      [
        0.0,
        0.0,
        0.0,
        1.0
      ]
    ],
    [
      [
        0.9998536109924316,
        1.3438444801394667e-11,
        -0.017113294452428818,
        0.0
      ],
      [
        -0.00247147842310369,
        0.9895166754722595,
        -0.14439746737480164,
        1.4663896763522644e-09
      ],
      [
        0.01693389005959034,
        0.1444186270236969,
        0.9893717765808105,
        0.9561812877655029
      ],
      [
        0.0,
        0.0,
        0.0,
        1.0
      ]
    ],
    [
      [
        0.9998980164527893,
        3.117668345709035e-10,
        -0.01427896972745657,
        9.313225746154785e-10
      ],
      [
        -0.0023209783248603344,
        0.9867011308670044,
        -0.1625286191701889,
        -2.968960188809433e-09
      ],
      [
        0.014089074917137623,
        0.16254520416259766,
        0.9866003394126892,
        0.9585539102554321
      ],
      [
        0.0,
        0.0,
        0.0,
        1.0
      ]
    ],
    [
      [
        0.9999610185623169,
        2.1377637160480134e-10,
        -0.008828814141452312,
        9.313225746154785e-10
      ],
      [
        -0.0015943387988954782,
        0.9835595488548279,
        -0.18057653307914734,
        2.884663174995694e-09
      ],
      [
        0.008683664724230766,
        0.18058356642723083,
        0.9835212230682373,
        0.9609265923500061
      ],
      [
        0.0,
        0.0,
        0.0,
        1.0
      ]
    ],
    [
      [
        0.9999995827674866,
        -2.0447836132642117e-11,
        -0.0009390272898599505,
        0.0
      ],
      [
        -0.00018638606707099825,
        0.9801031947135925,
        -0.19848835468292236,
        -1.1886079676060035e-08
      ],
      [
        0.0009203437366522849,
        0.19848844408988953,
        0.9801028370857239,
        0.9632992744445801
      ],
      [
        0.0,
        0.0,
        0.0,
        1.0
      ]
    ],
    [
      [
        0.9999575614929199,
        -1.2279197103559625e-10,
        0.00921363104134798,
        0.0
      ],
      [
        0.0019921264611184597,
        0.9763456583023071,
        -0.21620596945285797,
        1.354427592303864e-08
      ],
      [
        -0.008995688520371914,
        0.21621514856815338,
        0.9763042330741882,
        0.965671956539154
      ],
      [
        0.0,
        0.0,
        0.0,
        1.0
      ]
    ],
    [
      [
        0.999769926071167,
        6.880704894740575e-10,
        0.021451307460665703,
        0.0
      ],
      [
        0.005013599991798401,
        0.9723038673400879,
        -0.23366624116897583,
        -4.6038364232003914e-09
      ],
      [
        -0.0208571907132864,
        0.23372003436088562,
        0.9720802307128906,
        0.9680445790290833
      ],
      [
        0.0,
        0.0,
        0.0,
        1.0
      ]
    ],
    [
      [
        0.999366283416748,
        -1.0532458238898812e-09,
        0.035594530403614044,
        0.0
      ],
      [
        0.0089328084141016,
        0.9679973721504211,
        -0.25080108642578125,
        -4.695770883245132e-09
      ],
      [
        -0.03445541113615036,
        0.2509601414203644,
        0.9673839211463928,
        0.9704172611236572
      ],
      [
        0.0,
        0.0,
        0.0,
        1.0
      ]
    ],
    [
      [
        0.9986749887466431,
        -3.0327296229870626e-10,
        0.051461849361658096,
        3.725290298461914e-09
      ],
      [
        0.013786306604743004,
        0.9634483456611633,
        -0.26753875613212585,
        -3.736045783853115e-08
      ],
      [
        -0.04958083853125572,
        0.2678937017917633,
        0.9621717929840088,
        0.9727898836135864
      ],
      [
        0.0,
        0.0,
        0.0,
        1.0
      ]
    ],
    [
      [
        0.9976257085800171,
        5.167304362174718e-10,
        0.06886950880289078,
        7.450580596923828e-09
      ],
      [
        0.019592007622122765,
        0.9586819410324097,
        -0.28380465507507324,
        -5.902419886183452e-08
      ],
      [
        -0.06602396070957184,
        0.28448009490966797,
        0.956405758857727,
        0.9751626253128052
      ],
      [
        0.0,
        0.0,
        0.0,
        1.0
      ]
    ],
    [
      [
        0.9961529970169067,
        2.7837856464429933e-09,
        0.0876314640045166,
        0.0
      ],
      [
        0.026349004358053207,
        0.9537251591682434,
        -0.2995230257511139,
        2.0069206740913614e-08
      ],
      [
        -0.08357633650302887,
        0.3006797432899475,
        0.950056254863739,
        0.9775351881980896
      ],
      [
        0.0,
        0.0,
        0.0,
        1.0
      ]
    ],
    [
      [
        0.9941986203193665,
        6.363467974779269e-09,
        0.10755942761898041,
        1.4901161193847656e-08
      ],
      [
        0.03403765335679054,
        0.9486076235771179,
        -0.3146185278892517,
        -2.0874495021416806e-08
      ],
      [
        -0.10203170031309128,
        0.3164544105529785,
        0.9431045055389404,
        0.9799079895019531
      ],
      [
        0.0,
        0.0,
        0.0,
        1.0
      ]
    ],
    [
      [
        0.9917142987251282,
        -3.0721991617355116e-09,
        0.12846329808235168,
        -2.2351741790771484e-08
      ],
      [
        0.04261796176433563,
        0.9433665871620178,
        -0.32900315523147583,
        3.084020860910641e-08
      ],
      [
        -0.12118800729513168,
        0.3317519724369049,
        0.9355500936508179,
        0.9822803735733032
      ],
      [
        0.0,
        0.0,
        0.0,
        1.0
      ]
    ],
    [
      [
        0.9886630177497864,
        -1.7411492247987326e-09,
        0.15015169978141785,
        0.0
      ],
      [
        0.052004482597112656,
        0.9381067156791687,
        -0.34241974353790283,
        -4.354158988917334e-08
      ],
      [
        -0.14085830748081207,
        0.3463462293148041,
        0.9274713397026062,
        0.9846531748771667
      ],
      [
        0.0,
        0.0,
        0.0,
        1.0
      ]
    ],
    [
      [
        0.9850213527679443,
        -3.835709971866663e-09,
        0.17243248224258423,
        0.0
      ],
      [
        0.06205911934375763,
        0.9329892992973328,
        -0.3545129895210266,
        -3.2153533169321236e-08
      ],
      [
        -0.16087765991687775,
        0.35990390181541443,
        0.9190143942832947,
        0.9870258569717407
      ],
      [
        0.0,
        0.0,
        0.0,
        1.0
      ]
    ],
    [
      [
        0.9807805418968201,
        8.344390067804852e-09,
        0.19511385262012482,
        1.4901161193847656e-08
      ],
      [
        0.07260135561227798,
        0.9281936883926392,
        -0.3649459183216095,
        -1.104407409968644e-08
      ],
      [
        -0.1811034381389618,
        0.3720974028110504,
        0.9103543758392334,
        0.9893985390663147
      ],
      [
        0.0,
        0.0,
        0.0,
        1.0
      ]
    ],
    [
      [
        0.9759476780891418,
        -6.995504620022075e-09,
        0.2180051952600479,
        0.0
      ],
      [
        0.08341004699468613,
        0.9239116907119751,
        -0.3734032213687897,
        -5.313371076454132e-09
      ],
      [
        -0.20141752064228058,
        0.38260579109191895,
        0.901689350605011,
        0.9917711019515991
      ],
      [
        0.0,
        0.0,
        0.0,
        1.0
      ]
    ],
    [
      [
        0.9705454707145691,
        -1.6739516439656654e-09,
        0.24091795086860657,
        -1.4901161193847656e-08
      ],
      [
        0.09422612190246582,
        0.9203426837921143,
        -0.3795928657054901,
        -1.4425875605184046e-08
      ],
      [
        -0.22172705829143524,
        0.39111289381980896,
        0.893234372138977,
        0.9941438436508179
      ],
      [
        0.0,
        0.0,
        0.0,
        1.0
      ]
    ],
    [
      [
        0.9646137356758118,
        -1.1808845457039752e-08,
        0.26366689801216125,
        -1.4901161193847656e-08
      ],
      [
        0.1047559455037117,
        0.9176869988441467,
        -0.383245050907135,
        -1.634990276500048e-08
      ],
      [
        -0.24196366965770721,
        0.39730414748191833,
        0.8852134943008423,
        0.9965164065361023
      ],
      [
        0.0,
        0.0,
        0.0,
        1.0
      ]
    ],
    [
      [
        0.958208441734314,
        -2.587482228477711e-09,
        0.28607091307640076,
        0.0
      ],
      [
        0.11469928920269012,
        0.9161012172698975,
        -0.3841908872127533,
        -1.5894769944679865e-08
      ],
      [
        -0.2620699107646942,
        0.40094706416130066,
        0.8778159618377686,
        0.9988890886306763
      ],
      [
        0.0,
        0.0,
        0.0,
        1.0
      ]
    ],
    [
      [
        0.9514012932777405,
        -2.3842879670610273e-08,
        0.3079538345336914,
        1.913656433316646e-08
      ],
      [
        0.12384005635976791,
        0.9155789613723755,
        -0.3825949430465698,
        3.5898803929512724e-09
      ],
      [
        -0.2819560468196869,
        0.40213829278945923,
        0.8710829019546509,
        1.0012617111206055
      ],
      [
        6.8391479146612255e-09,
        -3.026641337555702e-08,
        -2.5910921408467402e-08,
        0.9999999403953552
      ]
    ],
    [
      [
        0.9442792534828186,
        1.7889082215560848e-08,
        0.32914552092552185,
        -1.2219452116823959e-09
      ],
      [
        0.1320038139820099,
        0.9160560965538025,
        -0.37870311737060547,
        3.34148495539921e-08
      ],
      [
        -0.30151575803756714,
        0.40104997158050537,
        0.8650126457214355,
        1.0036343336105347
      ],
      [
        1.7187822720643453e-08,
        -2.3244226099450316e-08,
        -5.8309922223998e-08,
        0.9999999403953552
      ]
    ],
    [
      [
        0.9369431734085083,
        7.164768334178007e-09,
        0.34948188066482544,
        5.6310582863261516e-09
      ],
      [
        0.13904008269309998,
        0.9174520969390869,
        -0.3727593719959259,
        3.799943470994549e-09
      ],
      [
        -0.3206328749656677,
        0.3978463411331177,
        0.859600305557251,
        1.0060069561004639
      ],
      [
        1.0775398351370313e-08,
        -2.0778678333499556e-08,
        -5.3585196724270645e-08,
        0.9999999403953552
      ]
    ],
    [
      [
        0.9295065402984619,
        -6.420600939804899e-09,
        0.3688056170940399,
        1.895048029609825e-08
      ],
      [
        0.1448248326778412,
        0.9196724891662598,
        -0.365004301071167,
        -2.9802322387695312e-08
      ],
      [
        -0.3391803801059723,
        0.3926860988140106,
        0.8548415899276733,
        1.0083798170089722
      ],
      [
        1.2335487298287262e-08,
        -4.844000756065725e-09,
        -4.316275692417548e-08,
        1.0
      ]
    ],
    [
      [
        0.92209392786026,
        9.061609240745838e-09,
        0.3869660794734955,
        9.216611829288013e-08
      ],
      [
        0.14926224946975708,
        0.9226140379905701,
        -0.3556741774082184,
        -8.940696716308594e-08
      ],
      [
        -0.35702037811279297,
        0.3857244551181793,
        0.8507369756698608,
        1.0107526779174805
      ],
      [
        -2.997603587573394e-08,
        2.379718466727354e-08,
        2.7691271498042624e-08,
        1.0
      ]
    ],
    [
      [
        0.9148385524749756,
        4.137992704045246e-08,
        0.4038199186325073,
        3.642480095322753e-09
      ],
      [
        0.1522861272096634,
        0.9261668920516968,
        -0.34499838948249817,
        5.214133125264198e-09
      ],
      [
        -0.3740045726299286,
        0.3771139979362488,
        0.8472931385040283,
        1.0131250619888306
      ],
      [
        2.347595184915008e-08,
        -1.3557162503730069e-08,
        -9.754529628480668e-09,
        0.9999999403953552
      ]
    ],
    [
      [
        0.9078565239906311,
        5.65958657716692e-09,
        0.4192809760570526,
        1.9372009774087928e-08
      ],
      [
        0.1538790911436081,
        0.9302181005477905,
        -0.33318981528282166,
        -5.960464477539063e-08
      ],
      [
        -0.39002278447151184,
        0.36700716614723206,
        0.8445046544075012,
        1.0154979228973389
      ],
      [
        -2.361509565673714e-08,
        2.2897610918448663e-08,
        2.949068189650461e-08,
        1.0
      ]
    ],
    [
      [
        0.9012277126312256,
        -1.2812492400371411e-08,
        0.4333457946777344,
        2.5274147219533916e-08
      ],
      [
        0.15407921373844147,
        0.9346544742584229,
        -0.3204379975795746,
        0.0
      ],
      [
        -0.4050285816192627,
        0.3555572032928467,
        0.8423365354537964,
        1.0178704261779785
      ],
      [
        -1.2652208170038648e-09,
        -5.086917553853709e-09,
        5.293429694575025e-09,
        1.0
      ]
    ],
    [
      [
        0.8950240015983582,
        2.210560090531999e-08,
        0.4460180997848511,
        8.095213388514821e-11
      ],
      [
        0.15294824540615082,
        0.9393647909164429,
        -0.3069210648536682,
        7.602906748616078e-09
      ],
      [
        -0.4189736843109131,
        0.34291937947273254,
        0.840753972530365,
        1.0202430486679077
      ],
      [
        8.101949333649827e-09,
        -2.233483797908775e-08,
        -3.2507884384358476e-08,
        0.9999999403953552
      ]
    ],
    [
      [
        0.8893119692802429,
        7.307274785262052e-10,
        0.4573010802268982,
        -1.669498317369289e-08
      ],
      [
        0.1505672037601471,
        0.9442421197891235,
        -0.29280754923820496,
        0.0
      ],
      [
        -0.43180298805236816,
        0.32925179600715637,
        0.8397258520126343,
        1.022615671157837
      ],
      [
        -3.257542857681983e-08,
        1.3745825810929091e-08,
        2.8537073148982017e-08,
        1.0
      ]
    ],
    [
      [
        0.8841530680656433,
        1.7919042250014172e-08,
        0.4671972692012787,
        9.534275591249752e-08
      ],
      [
        0.1470344513654709,
        0.9491857290267944,
        -0.2782571017742157,
        -5.0058925893381456e-08
      ],
      [
        -0.4434570074081421,
        0.31471601128578186,
        0.8392255902290344,
        1.0249885320663452
      ],
      [
        2.3737911192256433e-08,
        -8.049063637827203e-10,
        -2.2200602245447953e-08,
        0.9999999403953552
      ]
    ],
    [
      [
        0.879603385925293,
        -1.0616599155355289e-08,
        0.4757077097892761,
        6.820560827236477e-08
      ],
      [
        0.14246389269828796,
        0.9541032314300537,
        -0.2634216547012329,
        -2.9802322387695312e-08
      ],
      [
        -0.45387428998947144,
        0.299477756023407,
        0.8392325639724731,
        1.0273611545562744
      ],
      [
        -1.7732112667090405e-08,
        -3.0988971388978825e-09,
        4.6743807047278096e-08,
        1.0
      ]
    ],
    [
      [
        0.8757132291793823,
        9.324324423687358e-09,
        0.48283156752586365,
        3.916871094133967e-08
      ],
      [
        0.13698257505893707,
        0.9589110612869263,
        -0.2484457790851593,
        0.0
      ],
      [
        -0.46299251914024353,
        0.28370678424835205,
        0.8397311568260193,
        1.0297337770462036
      ],
      [
        2.228781070812147e-08,
        -6.961940357541607e-09,
        -2.3841842278216063e-08,
        1.0
      ]
    ],
    [
      [
        0.8725272417068481,
        -1.2817336525472456e-08,
        0.4885656237602234,
        -8.017180164188176e-08
      ],
      [
        0.1307288408279419,
        0.9635365009307861,
        -0.23346802592277527,
        8.940696716308594e-08
      ],
      [
        -0.4707507789134979,
        0.26757684350013733,
        0.8407115936279297,
        1.0321061611175537
      ],
      [
        -3.068933551730879e-09,
        1.2855807085543347e-08,
        -1.065018295776099e-09,
        1.0
      ]
    ],
    [
      [
        0.8700835704803467,
        -6.17266238123193e-10,
        0.4929042458534241,
        5.126651103637414e-08
      ],
      [
        0.12384992837905884,
        0.9679181575775146,
        -0.2186221480369568,
        0.0
      ],
      [
        -0.4770910143852234,
        0.2512657046318054,
        0.8421697616577148,
        1.0344791412353516
      ],
      [
        -1.879352495848252e-08,
        -6.266311913805112e-10,
        5.8780130984814605e-08,
        1.0
      ]
    ],
    [
      [
        0.8684148788452148,
        6.8613585924026665e-09,
        0.49583837389945984,
        7.2203505396828405e-09
      ],
      [
        0.1164994016289711,
        0.9720063209533691,
        -0.2040378749370575,
        0.0
      ],
      [
        -0.4819580614566803,
        0.23495440185070038,
        0.8441047072410583,
        1.0368516445159912
      ],
      [
        -1.6788233025977206e-08,
        5.057885665848971e-09,
        1.6200846886249565e-08,
        1.0
      ]
    ],
    [
      [
        0.8675468564033508,
        -7.712821492589228e-09,
        0.497355580329895,
        3.0547241181011486e-08
      ],
      [
        0.10883492976427078,
        0.9757636189460754,
        -0.1898428499698639,
        -2.9802322387695312e-08
      ],
      [
        -0.4853014647960663,
        0.21882717311382294,
        0.8465206623077393,
        1.03922438621521
      ],
      [
        1.9607814039090954e-08,
        -1.0815158546506609e-08,
        -3.0492799396597547e-09,
        1.0
      ]
    ],
    [
      [
        0.8674986362457275,
        -7.28180893361241e-09,
        0.49743950366973877,
        7.254982392623788e-09
      ],
      [
        0.10101531445980072,
        0.9791640639305115,
        -0.17616340517997742,
        0.0
      ],
      [
        -0.4870748817920685,
        0.20307055115699768,
        0.8494234085083008,
        1.0415968894958496
      ],
      [
        -2.6555381893444974e-08,
        9.1248661959753e-09,
        4.002384912382695e-08,
        1.0
      ]
    ],
    [
      [
        0.8682823181152344,
        1.5454546087312337e-08,
        0.4960704445838928,
        1.2085138223483227e-07
      ],
      [
        0.09319821000099182,
        0.9821932911872864,
        -0.16312675178050995,
        2.9987408112219782e-09
      ],
      [
        -0.48723700642585754,
        0.1878729611635208,
        0.8528210520744324,
        1.0439696311950684
      ],
      [
        2.5406100334635084e-08,
        -6.195569390854416e-09,
        -3.3318745096266866e-08,
        0.9999999403953552
      ]
    ],
    [
      [
        0.8698934316635132,
        -1.1682477207841657e-09,
        0.4932396411895752,
        3.786990987464378e-08
      ],
      [
        0.08552373200654984,
        0.9848529100418091,
        -0.1508324146270752,
        -1.4901161193847656e-08
      ],
      [
        -0.48576852679252625,
        0.17339184880256653,
        0.8567171692848206,
        1.046342372894287
      ],
      [
        -2.017507227947135e-08,
        1.2089536483017582e-08,
        4.411883480770484e-08,
        1.0
      ]
    ],
    [
      [
        0.872283935546875,
        7.352925379677799e-09,
        0.4889998435974121,
        5.8225943178058515e-08
      ],
      [
        0.07807187736034393,
        0.9871727228164673,
        -0.13926556706428528,
        -1.4901161193847656e-08
      ],
      [
        -0.4827272593975067,
        0.15965625643730164,
        0.8610948324203491,
        1.0487149953842163
      ],
      [
        -1.6008030456760025e-08,
        7.851909344935848e-09,
        4.754548399432679e-08,
        1.0
      ]
    ],
    [
      [
        0.8753905296325684,
        5.8725841967088854e-09,
        0.48341643810272217,
        7.284184988520792e-08
      ],
      [
        0.07089874148368835,
        0.9891866445541382,
        -0.12838637828826904,
        -2.9802322387695312e-08
      ],
      [
        -0.4781891405582428,
        0.14666184782981873,
        0.8659247159957886,
        1.051087737083435
      ],
      [
        -9.854542071252581e-09,
        5.733202357305345e-09,
        4.114754403872212e-08,
        1.0
      ]
    ],
    [
      [
        0.8791458010673523,
        2.3715571728644136e-09,
        0.4765527546405792,
        -3.508944246277679e-10
      ],
      [
        0.06405016034841537,
        0.9909267425537109,
        -0.11815990507602692,
        0.0
      ],
      [
        -0.47222885489463806,
        0.1344030648469925,
        0.8711690902709961,
        1.0534602403640747
      ],
      [
        1.2075876298922594e-08,
        -3.603695120091288e-11,
        2.2583094505534973e-08,
        1.0
      ]
    ],
    [
      [
        0.8834788799285889,
        5.982019324335397e-09,
        0.4684709906578064,
        4.075157278293773e-08
      ],
      [
        0.05756257101893425,
        0.992422342300415,
        -0.10855596512556076,
        -1.4901161193847656e-08
      ],
      [
        -0.46492111682891846,
        0.12287329882383347,
        0.8767842650413513,
        1.0558329820632935
      ],
      [
        -3.1538242240003456e-08,
        1.8856751715645714e-09,
        2.373759500073902e-08,
        1.0
      ]
    ],
    [
      [
        0.88831627368927,
        4.26613322446201e-09,
        0.4592321217060089,
        -7.926551859327446e-09
      ],
      [
        0.05146379396319389,
        0.9937008023262024,
        -0.0995490550994873,
        -2.9802322387695312e-08
      ],
      [
        -0.45633938908576965,
        0.11206488311290741,
        0.8827207684516907,
        1.0582057237625122
      ],
      [
        -1.2536133908724878e-08,
        6.4268874666595366e-09,
        6.862524060124997e-08,
        1.0
      ]
    ],
    [
      [
        0.8935831785202026,
        -1.9099803960642703e-09,
        0.4488976001739502,
        3.530953307517848e-08
      ],
      [
        0.04577380418777466,
        0.9947875142097473,
        -0.09111810475587845,
        8.421352504228707e-09
      ],
      [
        -0.4465577304363251,
        0.10196936875581741,
        0.8889252543449402,
        1.0605781078338623
      ],
      [
        1.4009355453481476e-08,
        -2.1237172020960315e-09,
        -6.381178963010825e-08,
        0.9999999403953552
      ]
    ],
    [
      [
        0.8992040753364563,
        1.1787948395181047e-09,
        0.4375295042991638,
        3.4517782410148357e-08
      ],
      [
        0.040505435317754745,
        0.9957054257392883,
        -0.08324617147445679,
        1.559860240973876e-09
      ],
      [
        -0.435650497674942,
        0.09257762134075165,
        0.8953423500061035,
        1.062950849533081
      ],
      [
        1.698352924961455e-08,
        -6.051112499960709e-09,
        -5.3141690159463906e-08,
        0.9999999403953552
      ]
    ],
    [
      [
        0.9051036834716797,
        4.0604142270694865e-09,
        0.42519092559814453,
        5.985200601799079e-08
      ],
      [
        0.035664938390254974,
        0.996475875377655,
        -0.07591994851827621,
        -7.450580596923828e-09
      ],
      [
        -0.4236924350261688,
        0.08387983590364456,
        0.9019140601158142,
        1.0653235912322998
      ],
      [
        1.91602627097609e-08,
        -2.7098456811813776e-10,
        -2.2864458770754936e-08,
        1.0
      ]
    ],
    [
      [
        0.9112079739570618,
        1.7706738297817992e-09,
        0.41194647550582886,
        -8.742983226284196e-09
      ],
      [
        0.031252600252628326,
        0.9971179962158203,
        -0.06912940740585327,
        0.0
      ],
      [
        -0.41075924038887024,
        0.07586567103862762,
        0.9085818529129028,
        1.067696213722229
      ],
      [
        1.5893517613108088e-08,
        -4.560210875581561e-09,
        -3.492612421496233e-08,
        1.0
      ]
    ],
    [
      [
        0.9174447059631348,
        4.861373525955059e-10,
        0.3978634774684906,
        2.316042468919477e-09
      ],
      [
        0.027263354510068893,
        0.9976493716239929,
        -0.06286735087633133,
        -7.450580596923828e-09
      ],
      [
        -0.39692825078964233,
        0.06852440536022186,
        0.9152882099151611,
        1.0700689554214478
      ],
      [
        -4.625693605930792e-09,
        -5.282556614361056e-10,
        6.07433037203009e-09,
        1.0
      ]
    ],
    [
      [
        0.9237439036369324,
        2.3476318666837415e-09,
        0.3830108046531677,
        7.165077420268062e-09
      ],
      [
        0.023687250912189484,
        0.9980857372283936,
        -0.05712881311774254,
        3.4897205125616892e-09
      ],
      [
        -0.38227763772010803,
        0.06184486299753189,
        0.9219755530357361,
        1.0724414587020874
      ],
      [
        9.583038362848129e-09,
        -3.113393542975018e-09,
        -6.896044624227216e-08,
        0.9999999403953552
      ]
    ],
    [
      [
        0.9300391674041748,
        -9.101605025207959e-10,
        0.3674604296684265,
        3.5296210398882977e-09
      ],
      [
        0.020510025322437286,
        0.9984410405158997,
        -0.05191069096326828,
        0.0
      ],
      [
        -0.366887629032135,
        0.055815596133470535,
        0.9285893440246582,
        1.0748143196105957
      ],
      [
        -3.493003220000901e-09,
        1.8552637204294342e-09,
        -8.110845328701544e-09,
        1.0
      ]
    ],
    [
      [
        0.9362678527832031,
        3.537972137479528e-09,
        0.35128694772720337,
        3.405492776664687e-09
      ],
      [
        0.01771361008286476,
        0.9987278580665588,
        -0.04721121862530708,
        -1.4901161193847656e-08
      ],
      [
        -0.3508400619029999,
        0.050424907356500626,
        0.9350768327713013,
        1.077186942100525
      ],
      [
        3.7657681417613276e-09,
        -1.1295082646967103e-09,
        -4.9181281269738975e-09,
        1.0
      ]
    ],
    [
      [
        0.9423717260360718,
        3.417156113627584e-09,
        0.3345675766468048,
        5.6645838242275204e-08
      ],
      [
        0.015276635996997356,
        0.9989570379257202,
        -0.043029479682445526,
        -3.725290298461914e-09
      ],
      [
        -0.3342186510562897,
        0.0456608422100544,
        0.9413889050483704,
        1.0795596837997437
      ],
      [
        -2.2379218478363327e-08,
        1.2799885595882188e-09,
        5.543351733194868e-08,
        1.0
      ]
    ],
    [
      [
        0.9482975006103516,
        -7.94970311801535e-10,
        0.3173825442790985,
        3.1138370104599744e-08
      ],
      [
        0.013174962252378464,
        0.9991380572319031,
        -0.03936506807804108,
        8.496572334593111e-09
      ],
      [
        -0.3171089291572571,
        0.041511304676532745,
        0.9474801421165466,
        1.0819320678710938
      ],
      [
        1.551368455920965e-08,
        -1.7624453008124874e-09,
        -3.728859354623637e-08,
        0.9999999403953552
      ]
    ],
    [
      [
        0.9539974331855774,
        2.242316554657009e-09,
        0.2998146414756775,
        5.8700244665033097e-08
      ],
      [
        0.01138218678534031,
        0.9992790222167969,
        -0.036217641085386276,
        -7.450580596923828e-09
      ],
      [
        -0.2995985150337219,
        0.03796408697962761,
        0.953309953212738,
        1.0843050479888916
      ],
      [
        -1.849168640433163e-08,
        1.0209622036683186e-09,
        6.185774736877647e-08,
        1.0
      ]
    ],
    [
      [
        0.9594293832778931,
        -2.1930190996499732e-10,
        0.2819491922855377,
        4.8442188926856034e-08
      ],
      [
        0.009870143607258797,
        0.9993870854377747,
        -0.03358657285571098,
        -7.450580596923828e-09
      ],
      [
        -0.2817763686180115,
        0.035006821155548096,
        0.9588413238525391,
        1.0866776704788208
      ],
      [
        -2.1165220687180408e-08,
        -4.050093593832571e-11,
        1.1858901416417211e-08,
        1.0
      ]
    ],
    [
      [
        0.9645572304725647,
        3.818056981685913e-12,
        0.2638739049434662,
        1.8928151490626988e-08
      ],
      [
        0.008609438315033913,
        0.9994675517082214,
        -0.03147069737315178,
        -5.844323247572447e-09
      ],
      [
        -0.2637333869934082,
        0.032627083361148834,
        0.9640435576438904,
        1.0890501737594604
      ],
      [
        9.577291848472669e-09,
        -1.6800210111966862e-09,
        -7.068951646260757e-09,
        0.9999999403953552
      ]
    ],
    [
      [
        0.9693512916564941,
        6.118220374773387e-10,
        0.24567866325378418,
        9.515694898709626e-09
      ],
      [
        0.007569947745651007,
        0.9995250701904297,
        -0.02986803837120533,
        5.445162543082915e-09
      ],
      [
        -0.24556195735931396,
        0.030812399461865425,
        0.9688910245895386,
        1.0914226770401
      ],
      [
        1.7618738468172523e-08,
        -1.3647877272759956e-09,
        -2.0480491969010473e-08,
        0.9999999403953552
      ]
    ],
    [
      [
        0.9737886190414429,
        -9.595719774324607e-10,
        0.22745506465435028,
        -2.3052862729855406e-08
      ],
      [
        0.0067213475704193115,
        0.9995632767677307,
        -0.028775665909051895,
        1.7979133737355824e-09
      ],
      [
        -0.2273557335138321,
        0.029550211504101753,
        0.9733631610870361,
        1.0937952995300293
      ],
      [
        4.694395094873016e-09,
        -7.115218414455171e-10,
        -6.15526545288958e-08,
        0.9999999403953552
      ]
    ],
    [
      [
        0.9778521656990051,
        1.1751488671052357e-11,
        0.209296315908432,
        2.152620481865597e-08
      ],
      [
        0.006033584475517273,
        0.9995843768119812,
        -0.028189480304718018,
        -5.609596787081728e-09
      ],
      [
        -0.20920933783054352,
        0.02882794849574566,
        0.9774458408355713,
        1.0961681604385376
      ],
      [
        2.707364998855155e-09,
        -9.715324100767475e-10,
        -5.0597435574673e-08,
        0.9999999403953552
      ]
    ],
    [
      [
        0.9815322756767273,
        -5.939767011575725e-10,
        0.19129681587219238,
        2.8633202475703e-09
      ],
      [
        0.005477398168295622,
        0.9995899200439453,
        -0.02810419723391533,
        1.8496868481321371e-09
      ],
      [
        -0.19121836125850677,
        0.028632985427975655,
        0.9811297655105591,
        1.0985406637191772
      ],
      [
        6.068392899294395e-09,
        -9.669639533527175e-10,
        -2.4463965075938177e-08,
        0.9999999403953552
      ]
    ],
    [
      [
        0.9848247766494751,
        1.3599722459289865e-09,
        0.1735517978668213,
        1.5953851573158317e-09
      ],
      [
        0.005024792160838842,
        0.9995807409286499,
        -0.028513330966234207,
        0.0
      ],
      [
        -0.17347903549671173,
        0.028952699154615402,
        0.9844118356704712,
        1.100913405418396
      ],
      [
        1.5266437003447209e-09,
        -1.1689138545989408e-09,
        -3.862123776343651e-08,
        1.0
      ]
    ],
    [
      [
        0.9877322912216187,
        8.739989842965201e-10,
        0.15615706145763397,
        1.8098964105206505e-08
      ],
      [
        0.004649485927075148,
        0.9995566606521606,
        -0.029409151524305344,
        -1.1175870895385742e-08
      ],
      [
        -0.15608784556388855,
        0.029774421826004982,
        0.9872943162918091,
        1.1032861471176147
      ],
      [
        -9.132017808610726e-09,
        1.3930704367837166e-09,
        5.455594731529345e-08,
        1.0
      ]
    ],
    [
      [
        0.9902631044387817,
        -2.736749715737119e-10,
        0.13920870423316956,
        -1.9474416745879353e-08
      ],
      [
        0.004327365662902594,
        0.9995166063308716,
        -0.03078277036547661,
        0.0
      ],
      [
        -0.13914142549037933,
        0.03108545020222664,
        0.9897843599319458,
        1.1056586503982544
      ],
      [
        7.857781980646905e-09,
        2.1509993786139603e-10,
        -4.010823317912582e-08,
        1.0
      ]
    ],
    [
      [
        0.992431104183197,
        3.74541286873864e-10,
        0.12280277907848358,
        -4.4801709009334445e-09
      ],
      [
        0.004036909434944391,
        0.9994595050811768,
        -0.032624296844005585,
        -5.897530019893793e-09
      ],
      [
        -0.12273640185594559,
        0.032873112708330154,
        0.9918946027755737,
        1.1080313920974731
      ],
      [
        3.5930556308017003e-09,
        -7.811249425060396e-10,
        -3.362110589932854e-08,
        0.9999999403953552
      ]
    ],
    [
      [
        0.9942552447319031,
        5.800906976993758e-11,
        0.10703498125076294,
        1.5900845085070614e-08
      ],
      [
        0.003759566694498062,
        0.9993828535079956,
        -0.034922871738672256,
        1.3991210412456212e-09
      ],
      [
        -0.10696891695261002,
        0.035124655812978745,
        0.9936416149139404,
        1.1104040145874023
      ],
      [
        5.909864153608169e-09,
        1.9465562495213362e-10,
        -3.1788900400897546e-08,
        0.9999999403953552
      ]
    ],
    [
      [
        0.9957589507102966,
        -4.701583566912859e-11,
        0.09200052171945572,
        8.57793480690816e-09
      ],
      [
        0.0034801338333636522,
        0.9992842674255371,
        -0.03766689822077751,
        -7.450580596923828e-09
      ],
      [
        -0.0919346734881401,
        0.037827327847480774,
        0.9950461983680725,
        1.112776756286621
      ],
      [
        8.838996201632199e-10,
        7.112257449648496e-10,
        3.746283283589946e-09,
        1.0
      ]
    ],
    [
      [
        0.9969694018363953,
        -1.5499576622168831e-10,
        0.07779397815465927,
        -3.057909481185561e-11
      ],
      [
        0.003187088528648019,
        0.9991603493690491,
        -0.04084416478872299,
        -7.450580596923828e-09
      ],
      [
        -0.07772866636514664,
        0.04096831753849983,
        0.996132493019104,
        1.1151493787765503
      ],
      [
        -1.8274994850742132e-09,
        4.904261441396329e-10,
        4.34882707622819e-09,
        1.0
      ]
    ],
    [
      [
        0.997917115688324,
        -1.9112711413526995e-10,
        0.06450904905796051,
        -7.183391659282279e-09
      ],
      [
        0.0028728980105370283,
        0.9990078210830688,
        -0.04444204643368721,
        -7.450580596923828e-09
      ],
      [
        -0.06444504112005234,
        0.04453480243682861,
        0.9969269633293152,
        1.1175220012664795
      ],
      [
        1.9183681310153133e-09,
        1.2257217463229608e-09,
        -6.512482997322877e-09,
        1.0
      ]
    ],
    [
      [
        0.9986346364021301,
        -5.444903417028968e-10,
        0.052238572388887405,
        -6.551030828916282e-10
      ],
      [
        0.0025342972949147224,
        0.9988225102424622,
        -0.04844766855239868,
        4.831242073066733e-10
      ],
      [
        -0.0521770603954792,
        0.04851390793919563,
        0.9974586963653564,
        1.1198946237564087
      ],
      [
        8.660161476825579e-10,
        -3.4242786384197643e-10,
        -2.607563942547131e-08,
        0.9999999403953552
      ]
    ],
    [
      [
        0.9991560578346252,
        -1.1996975635142348e-10,
        0.041074488312006,
        -2.2394415211124397e-09
      ],
      [
        0.002172540407627821,
        0.9986001253128052,
        -0.05284805968403816,
        0.0
      ],
      [
        -0.041016992181539536,
        0.052892692387104034,
        0.9977574944496155,
        1.1222673654556274
      ],
      [
        -6.437159694172578e-10,
        1.2113408054403862e-09,
        -5.768381328152827e-09,
        1.0
      ]
    ],
    [
      [
        0.9995160698890686,
        -6.414804798460239e-11,
        0.031107814982533455,
        5.7313549461923685e-09
      ],
      [
        0.0017936199437826872,
        0.9983363151550293,
        -0.0576302707195282,
        -3.871485798612184e-09
      ],
      [
        -0.031056059524416924,
        0.057658176869153976,
        0.9978530406951904,
        1.1246399879455566
      ],
      [
        1.1592768967005895e-09,
        -2.8645863459075827e-09,
        -6.112176720307616e-08,
        0.9999999403953552
      ]
    ],
    [
      [
        0.9997484683990479,
        -2.2918242303937575e-10,
        0.022428762167692184,
        -1.9965427089374543e-09
      ],
      [
        0.0014084663707762957,
        0.9980262517929077,
        -0.06278152763843536,
        0.0
      ],
      [
        -0.022384492680430412,
        0.06279732286930084,
        0.997775137424469,
        1.1270126104354858
      ],
      [
        9.728610139703164e-10,
        1.146220007797183e-09,
        -1.8075862584510105e-08,
