{
  "intrinsic": [
    [
      1113.0782470703125,
      0.0,
      378.0
    ],
    [
      0.0,
      754.2955932617188,
      238.0
    ],
    [
      0.0,
      0.0,
      1.0
    ]
  ],
  "extrinsic": [
    [
      [
        1.0,
        0.0,
        0.0,
        0.0
      ],
      [
        0.0,
        0.9961946606636047,
        -0.08715574443340302,
        -2.122718001373869e-09
      ],
      [
        0.0,
        0.08715574443340302,
        0.9961947202682495,
        0.9490633010864258
      ],
      [
        0.0,
        0.0,
        0.0,
        1.0
      ]
    ],
    [
      [
        0.9999518990516663,
        2.3960080447471555e-11,
        -0.009817318990826607,
        9.313225746154785e-10
      ],
      [
        -0.0008876359206624329,
        0.9959041476249695,
        -0.09041094779968262,
        5.87091264492301e-09
      ],
      [
        0.009777109138667583,
        0.09041530638933182,
        0.9958561062812805,
        0.9561812877655029
      ],
      [
        0.0,
        0.0,
        0.0,
        1.0
      ]
    ],
    [
      [
        0.9998071789741516,
        -1.1883977135696e-10,
        -0.019633691757917404,
        0.0
      ],
      [
        -0.0018391646444797516,
        0.9956029057502747,
        -0.09365585446357727,
        -1.4205436826841833e-08
      ],
      [
        0.0195473600178957,
        0.09367390722036362,
        0.9954109787940979,
        0.9632992744445801
      ],
      [
        0.0,
        0.0,
        0.0,
        1.0
      ]
    ],
    [
      [
        0.999566376209259,
        -1.1350864692616369e-10,
        -0.02944817580282688,
        1.862645149230957e-09
      ],
      [
        -0.002854455728083849,
        0.995290994644165,
        -0.09688946604728699,
        -6.553516840313023e-09
      ],
      [
        0.029309505596756935,
        0.09693150222301483,
        0.9948594570159912,
        0.9704172611236572
      ],
      [
        0.0,
        0.0,
        0.0,
        1.0
      ]
    ],
    [
      [
        0.9992290139198303,
        -1.2628181833562735e-10,
        -0.03925982117652893,
        -3.725290298461914e-09
      ],
      [
        -0.003933364991098642,
        0.9949684739112854,
        -0.10011082142591476,
        -1.0170825071043055e-08
      ],
      [
        0.03906228393316269,
        0.10018805414438248,
        0.9942014813423157,
        0.9775353074073792
      ],
      [
        0.0,
        0.0,
        0.0,
        1.0
      ]
    ],
    [
      [
        0.9987955093383789,
        -2.7234026145350754e-10,
        -0.04906767979264259,
        0.0
      ],
      [
        -0.0050757345743477345,
        0.9946353435516357,
        -0.1033189445734024,
        6.7372774026353e-10
      ],
      [
        0.04880444332957268,
        0.10344354808330536,
        0.9934372305870056,
        0.9846532344818115
      ],
      [
        0.0,
        0.0,
        0.0,
        1.0
      ]
    ],
    [
      [
        0.9982655644416809,
        -3.8692338222290346e-10,
        -0.05887080356478691,
        0.0
      ],
      [
        -0.006281391251832247,
        0.9942914247512817,
        -0.10651285946369171,
        -3.0682834051276586e-09
      ],
      [
        0.05853473022580147,
        0.1066979244351387,
        0.9925669431686401,
        0.9917711019515991
      ],
      [
        0.0,
        0.0,
        0.0,
        1.0
      ]
    ],
    [
      [
        0.9976395964622498,
        -8.319805955281367e-10,
        -0.06866827607154846,
        0.0
      ],
      [
        -0.0075501552782952785,
        0.9939369559288025,
        -0.10969161987304688,
        -6.250905570936993e-09
      ],
      [
        0.06825193017721176,
        0.10995115339756012,
        0.9915908575057983,
        0.9988890886306763
      ],
      [
        0.0,
        0.0,
        0.0,
        1.0
      ]
    ],
    [
      [
        0.9969173073768616,
        -7.605756024986476e-10,
        -0.07845910638570786,
        -1.3718334912482533e-08
      ],
      [
        -0.008881823159754276,
        0.9935718774795532,
        -0.1128542572259903,
        -1.4282466764825585e-08
      ],
      [
        0.0779547467827797,
        0.11320321261882782,
        0.9905089735984802,
        1.0060070753097534
      ],
      [
        -5.035844186096483e-09,
        -3.6384681934009677e-09,
        -7.030273252439656e-08,
        0.9999999403953552
      ]
    ],
    [
      [
        0.996099054813385,
        1.7293577680987937e-10,
        -0.08824236690998077,
        -1.048944042736366e-09
      ],
      [
        -0.010276180692017078,
        0.9931960105895996,
        -0.11599976569414139,
        -7.450580596923828e-09
      ],
      [
        0.08764196932315826,
        0.11645405739545822,
        0.9893215894699097,
        1.0131250619888306
      ],
      [
        -1.1557590440247623e-09,
        4.5942756266015294e-09,
        -3.4659919379009807e-09,
        1.0
      ]
    ],
    [
      [
        0.9951847195625305,
        1.7301493571153514e-11,
        -0.0980171486735344,
        -2.4095676565139e-08
      ],
      [
        -0.011733011342585087,
        0.9928097128868103,
        -0.11912726610898972,
        -1.4782626678311317e-08
      ],
      [
        0.09731236845254898,
        0.11970366537570953,
        0.9880290031433105,
        1.0202431678771973
      ],
      [
        -2.985280467271423e-09,
        -2.9416238334079026e-09,
        -6.096007609812659e-08,
        0.9999999403953552
      ]
    ],
    [
      [
        0.9941744804382324,
        -1.1516632092423151e-09,
        -0.10778246819972992,
        -7.122118006464007e-09
      ],
      [
        -0.01325206644833088,
        0.9924126267433167,
        -0.1222357228398323,
        -1.4901161193847656e-08
      ],
      [
        0.10696467757225037,
        0.12295197695493698,
        0.9866313338279724,
        1.0273610353469849
      ],
      [
        -6.758451576160951e-10,
        -1.9959851549344876e-09,
        -3.890317756827244e-08,
        1.0
      ]
    ],
    [
      [
        0.9930684566497803,
        2.0781500964517363e-09,
        -0.11753738671541214,
        8.89781670565526e-09
      ],
      [
        -0.014833098277449608,
        0.9920049905776978,
        -0.12532420456409454,
        0.0
      ],
      [
        0.11659767478704453,
        0.12619896233081818,
        0.9851287603378296,
        1.034479022026062
      ],
      [
        3.2196778576576435e-09,
        -3.764276002016231e-09,
        -1.612086464319873e-08,
        1.0
      ]
    ],
    [
      [
        0.9918666481971741,
        3.5183573832142656e-09,
        -0.12728099524974823,
        1.3229815465365391e-08
      ],
      [
        -0.016475839540362358,
        0.9915866255760193,
        -0.1283918023109436,
        1.4901161193847656e-08
      ],
      [
        0.12621015310287476,
        0.12944461405277252,
        0.9835218191146851,
        1.0415968894958496
      ],
      [
        1.1118036269408549e-08,
        1.1538452859838344e-08,
        3.156046801677803e-08,
        1.0
      ]
    ],
    [
      [
        0.9905692934989929,
        -4.0518397526057015e-09,
        -0.13701234757900238,
        8.32843127795968e-10
      ],
      [
        -0.018180014565587044,
        0.9911577105522156,
        -0.1314375251531601,
        0.0
      ],
      [
        0.13580083847045898,
        0.13268887996673584,
        0.981810450553894,
        1.0487149953842163
      ],
      [
        -7.0363910253945505e-09,
        -6.177820921493549e-09,
        -1.2582738406763383e-08,
        1.0
      ]
    ],
    [
      [
        0.9891764521598816,
        -9.846794490897537e-10,
        -0.1467304676771164,
        -4.793349717147066e-09
      ],
      [
        -0.01994532160460949,
        0.9907181262969971,
        -0.13446044921875,
        1.4901161193847656e-08
      ],
      [
        0.1453685462474823,
        0.13593171536922455,
        0.9799951910972595,
        1.055832862854004
      ],
      [
        3.6316443186024117e-09,
        2.0962023228321414e-09,
        -8.111484817163728e-10,
        1.0
      ]
    ],
    [
      [
        0.9876883625984192,
        -1.3783139074519113e-09,
        -0.15643444657325745,
        -1.598379029132957e-08
      ],
      [
        -0.021771470084786415,
        0.9902681112289429,
        -0.1374596506357193,
        5.996940721786359e-09
      ],
      [
        0.1549120545387268,
        0.13917310535907745,
        0.9780762195587158,
        1.0629509687423706
      ],
      [
        -5.533063784923797e-09,
        -1.2017443928868943e-08,
        -3.822877658876678e-08,
        0.9999999403953552
      ]
    ],
    [
      [
        0.9861049652099609,
        -3.22312354583687e-09,
        -0.1661233752965927,
        -1.662134785362923e-08
      ],
      [
        -0.02365812472999096,
        0.9898072481155396,
        -0.1404341459274292,
        -9.17678910639097e-09
      ],
      [
        0.16443012654781342,
        0.14241299033164978,
        0.9760538935661316,
        1.0700689554214478
      ],
      [
        -8.046844968134792e-09,
        -9.97760807308623e-09,
        -6.811125530248319e-08,
        0.9999999403953552
      ]
    ],
    [
      [
        0.9844265580177307,
        1.0260297056419176e-09,
        -0.1757963001728058,
        -8.630145487131813e-10
      ],
      [
        -0.025604967027902603,
        0.9893358945846558,
        -0.14338305592536926,
        0.0
      ],
      [
        0.1739215850830078,
        0.14565135538578033,
        0.9739285707473755,
        1.0771868228912354
      ],
      [
        -1.1090151019743644e-09,
        5.008151227059443e-09,
        -1.5895430749424122e-08,
        1.0
      ]
    ],
    [
      [
        0.9826533198356628,
        -3.12961923043531e-09,
        -0.18545225262641907,
        2.297201717738062e-08
      ],
      [
        -0.02761164680123329,
        0.9888540506362915,
        -0.14630545675754547,
        0.0
      ],
      [
        0.1833852082490921,
        0.14888818562030792,
        0.9717006683349609,
        1.0843048095703125
      ],
      [
        4.9354813569379985e-09,
        2.0284236512679854e-09,
        2.9635657483595423e-08,
        1.0
      ]
    ],
    [
      [
        0.9807853102684021,
        -1.6629069232720894e-09,
        -0.19509035348892212,
        1.1431756874458188e-08
      ],
      [
        -0.029677802696824074,
        0.9883614778518677,
        -0.14920037984848022,
        -1.0012747075904826e-08
      ],
      [
        0.1928197741508484,
        0.1521233767271042,
        0.9693703651428223,
        1.0914226770401
      ],
      [
        -8.85637874148415e-09,
        -9.78268932527726e-09,
        -5.8387485069033573e-08,
        0.9999999403953552
      ]
    ],
    [
      [
        0.9788227081298828,
        -1.2791394610189855e-09,
        -0.20470958948135376,
        1.676701799624425e-08
      ],
      [
        -0.03180306404829025,
        0.9878584146499634,
        -0.1520669311285019,
        0.0
      ],
      [
        0.20222410559654236,
        0.1553569883108139,
        0.9669382572174072,
        1.0985407829284668
      ],
      [
        -2.975742319222263e-09,
        -3.9949732411059813e-10,
        3.163052042509662e-10,
        1.0
      ]
    ],
    [
      [
        0.9767658710479736,
        6.515296746556487e-09,
        -0.21430914103984833,
        1.2322828979449696e-08
      ],
      [
        -0.033987049013376236,
        0.9873446822166443,
        -0.15490420162677765,
        0.0
      ],
      [
        0.2115969955921173,
        0.15858887135982513,
        0.9644045233726501,
        1.1056586503982544
      ],
      [
        5.048406137575512e-11,
        3.344037935448796e-09,
        -1.16910001679571e-08,
        1.0
      ]
    ],
    [
      [
        0.9746148586273193,
        2.639356289080297e-09,
        -0.22388802468776703,
        -1.5494471483634698e-08
      ],
      [
        -0.03622936084866524,
        0.9868203401565552,
        -0.15771128237247467,
        4.0248959720656785e-09
      ],
      [
        0.22093728184700012,
        0.16181908547878265,
        0.9617697596549988,
        1.1127766370773315
      ],
      [
        -1.2483987177347444e-09,
        -3.0433806585961065e-09,
        -1.6765362431669928e-08,
        0.9999999403953552
      ]
    ],
    [
      [
        0.972369909286499,
        4.106625262068064e-09,
        -0.23344536125659943,
        -1.6742097486144303e-08
      ],
      [
        -0.03852960094809532,
        0.9862855672836304,
        -0.1604873389005661,
        0.0
      ],
      [
        0.23024380207061768,
        0.16504760086536407,
        0.9590344429016113,
        1.1198946237564087
      ],
      [
        4.4795669396080484e-09,
        9.939269851599875e-09,
        1.4568371398127056e-08,
        1.0
      ]
    ],
    [
      [
        0.9700312614440918,
        -1.2794618697853366e-09,
        -0.24298018217086792,
        1.3967863310426765e-08
      ],
      [
        -0.04088732972741127,
        0.9857401847839355,
        -0.16323135793209076,
        0.0
      ],
      [
        0.23951534926891327,
        0.16827434301376343,
        0.9561988711357117,
        1.1270127296447754
      ],
      [
        2.5089690325330594e-09,
        4.177422852080781e-10,
        4.6063689751463244e-08,
        1.0
      ]
    ],
    [
      [
        0.967599093914032,
        -2.2163249013829045e-09,
        -0.2524915933609009,
        -1.4275350679326948e-08
      ],
      [
        -0.04330211877822876,
        0.9851843118667603,
        -0.16594251990318298,
        3.13355830172668e-09
      ],
      [
        0.2487507164478302,
        0.17149925231933594,
        0.9532633423805237,
        1.134130597114563
      ],
      [
        -1.0450103005155142e-08,
        -3.096715772699099e-09,
        -1.574524688408019e-08,
        0.9999999403953552
      ]
    ],
    [
      [
        0.9650737047195435,
        -7.073754026976076e-09,
        -0.2619786560535431,
        -7.336133478474949e-09
      ],
      [
        -0.04577351734042168,
        0.9846177101135254,
        -0.16861991584300995,
        1.4901161193847656e-08
      ],
      [
        0.2579488158226013,
        0.1747223287820816,
        0.9502286911010742,
        1.1412485837936401
      ],
      [
        -9.301412973172773e-09,
        -6.052563783498499e-09,
        1.0838959951797733e-08,
        1.0
      ]
    ],
    [
      [
        0.9624552130699158,
        3.748452215290854e-09,
        -0.27144044637680054,
        -3.350751853758993e-08
      ],
      [
        -0.04830107092857361,
        0.9840406179428101,
        -0.1712626814842224,
        0.0
      ],
      [
        0.2671084403991699,
        0.17794351279735565,
        0.9470951557159424,
        1.1483666896820068
      ],
      [
        -1.2789115544364904e-08,
        -4.965056810135593e-09,
        -2.13928359471538e-08,
        1.0
      ]
    ],
    [
      [
        0.9597440361976624,
        -8.745094426387823e-09,
        -0.28087615966796875,
        -3.119694369502213e-08
      ],
      [
        -0.050884321331977844,
        0.9834531545639038,
        -0.17386998236179352,
        2.214137317935183e-09
      ],
      [
        0.27622848749160767,
        0.18116286396980286,
        0.9438632726669312,
        1.1554845571517944
      ],
      [
        -2.436586044041178e-08,
        -9.443816395560134e-09,
        -5.0491536285335314e-08,
        0.9999999403953552
      ]
    ],
    [
      [
        0.9569403529167175,
        -1.183293019124676e-09,
        -0.290284663438797,
        2.3169175022985655e-08
      ],
      [
        -0.053522754460573196,
        0.9828550219535828,
        -0.17644089460372925,
        0.0
      ],
      [
        0.28530770540237427,
        0.18438021838665009,
        0.9405335783958435,
        1.1626025438308716
      ],
      [
        -8.823516139955245e-09,
        -4.347492144063381e-09,
        2.8111553973531045e-08,
        1.0
      ]
    ],
    [
      [
        0.9540444016456604,
        6.656490025847006e-09,
        -0.299665242433548,
        -3.2584246412170614e-09
      ],
      [
        -0.05621588975191116,
        0.9822463393211365,
        -0.17897453904151917,
        -2.9802322387695312e-08
      ],
      [
        0.29434511065483093,
        0.18759559094905853,
        0.9371065497398376,
        1.1697205305099487
      ],
      [
        -3.878524168499098e-09,
        6.94419188818074e-09,
        -9.886004903592038e-09,
        1.0
      ]
    ],
    [
      [
        0.9510564804077148,
        1.0016254492484222e-10,
        -0.30901697278022766,
        -2.9168162996029423e-08
      ],
      [
        -0.05896322429180145,
        0.9816271662712097,
        -0.1814701408147812,
        -2.9802322387695312e-08
      ],
      [
        0.30333948135375977,
        0.1908089965581894,
        0.9335829019546509,
        1.1768386363983154
      ],
      [
        -4.3363002077967394e-09,
        3.396838366143129e-10,
        1.750531453126314e-08,
        1.0
      ]
    ],
    [
      [
        0.9479770064353943,
        4.6456216651336035e-09,
        -0.31833893060684204,
        2.071148941240608e-08
      ],
      [
        -0.061764221638441086,
        0.9809975028038025,
        -0.1839267760515213,
        2.9802322387695312e-08
      ],
      [
        0.31228968501091003,
        0.1940203160047531,
        0.9299629926681519,
        1.183956265449524
      ],
      [
        6.7208141274477384e-09,
        4.013530841007196e-09,
        4.105056916614558e-08,
        1.0
      ]
    ],
    [
      [
        0.9448060393333435,
        7.384565403611987e-09,
        -0.3276301920413971,
        -4.727905178469882e-09
      ],
      [
        -0.06461837887763977,
        0.98035728931427,
        -0.1863437294960022,
        -2.9802322387695312e-08
      ],
      [
        0.32119467854499817,
        0.19722960889339447,
        0.9262475967407227,
        1.1910744905471802
      ],
      [
        2.5474786724544174e-09,
        1.3235045948079005e-08,
        3.8859923279233044e-08,
        1.0
      ]
    ],
    [
      [
        0.9415440559387207,
        6.2180607329764825e-09,
        -0.3368898034095764,
        5.585836504451436e-08
      ],
      [
        -0.06752510368824005,
        0.9797066450119019,
        -0.18872001767158508,
        0.0
      ],
      [
        0.3300532102584839,
        0.20043674111366272,
        0.9224368929862976,
        1.1981923580169678
      ],
      [
        2.126668618984695e-09,
        -2.7608493269326573e-10,
        9.1734406737487e-09,
        1.0
      ]
    ],
    [
      [
        0.9381913542747498,
        -1.8305197357904035e-09,
        -0.3461170494556427,
        -3.320563024544754e-08
      ],
      [
        -0.07048387825489044,
        0.9790453910827637,
        -0.19105491042137146,
        -2.9802322387695312e-08
      ],
      [
        0.3388643264770508,
        0.20364174246788025,
        0.9185319542884827,
        1.2053104639053345
      ],
      [
        1.1261079180258093e-08,
        1.0414931139735017e-08,
        2.7567292448793523e-08,
        1.0
      ]
    ],
    [
      [
        0.9347481727600098,
        7.05502145592618e-09,
        -0.35531085729599,
        3.7392752005871444e-08
      ],
      [
        -0.07349412888288498,
        0.9783738851547241,
        -0.19334758818149567,
        2.9802322387695312e-08
      ],
      [
        0.34762683510780334,
        0.20684456825256348,
        0.9145330786705017,
        1.212428331375122
      ],
      [
        -1.1128738819365935e-08,
        -2.2903208218849613e-09,
        -2.151015010554147e-08,
        1.0
      ]
    ],
    [
      [
        0.9312149286270142,
        1.2891513634372131e-08,
        -0.3644704520702362,
        5.532485047865521e-08
      ],
      [
        -0.0765552669763565,
        0.9776915907859802,
        -0.19559718668460846,
        1.4185625119012002e-08
      ],
      [
        0.3563397228717804,
        0.21004514396190643,
        0.910440981388092,
        1.2195461988449097
      ],
      [
        -1.831140217234406e-08,
        -1.641553559750264e-09,
        -2.4949894594783473e-08,
        0.9999999403953552
      ]
    ],
    [
      [
        0.9275919198989868,
        1.4756853516928459e-09,
        -0.3735949993133545,
        1.2687415562595561e-08
      ],
      [
        -0.07966671884059906,
        0.976999044418335,
        -0.19780300557613373,
        0.0
      ],
      [
        0.36500194668769836,
        0.2132435441017151,
        0.9062564969062805,
        1.2266643047332764
      ],
      [
        -2.9771296539138348e-09,
        5.558209892342347e-09,
        1.580234609832587e-08,
        1.0
      ]
    ],
    [
      [
        0.9238795638084412,
        -7.610399421764669e-09,
        -0.3826834559440613,
        -1.9562250486160337e-08
      ],
      [
        -0.0828278511762619,
        0.9762959480285645,
        -0.19996412098407745,
        0.0
      ],
      [
        0.37361228466033936,
        0.21643958985805511,
        0.9019798636436462,
        1.2337822914123535
      ],
      [
        -1.0607024591990921e-08,
        -6.08392802803337e-09,
        -1.3241809426745021e-08,
        1.0
      ]
    ],
    [
      [
        0.9200780391693115,
        5.300988092926673e-09,
        -0.3917349874973297,
        4.681935905637147e-08
      ],
      [
        -0.08603808283805847,
        0.9755825400352478,
        -0.20207984745502472,
        2.9802322387695312e-08
      ],
      [
        0.38216978311538696,
        0.21963337063789368,
        0.8976119756698608,
        1.2409001588821411
      ],
      [
        8.185928379589313e-09,
        -5.457895468907736e-09,
        -2.1563309360317362e-08,
        1.0
      ]
    ],
    [
      [
        0.9161879420280457,
        -1.2676091287744384e-09,
        -0.4007488191127777,
        -2.0403945200087037e-09
      ],
      [
        -0.08929675817489624,
        0.9748584628105164,
        -0.20414936542510986,
        2.9802322387695312e-08
      ],
      [
        0.39067336916923523,
        0.22282478213310242,
        0.8931536078453064,
        1.2480182647705078
      ],
      [
        -1.1385774101313473e-08,
        -8.15285616795336e-10,
        -7.84867282277446e-09,
        1.0
      ]
    ],
    [
      [
        0.9122095704078674,
        -3.604261777923057e-09,
        -0.40972408652305603,
        -5.192545415866334e-08
      ],
      [
        -0.09260329604148865,
        0.9741241335868835,
        -0.20617195963859558,
        -1.7357677961626905e-08
      ],
      [
        0.39912208914756775,
        0.22601380944252014,
        0.8886053562164307,
        1.255136251449585
      ],
      [
        -1.1975885172432754e-08,
        -7.916014510556124e-10,
        -1.6180820239242166e-08,
        0.9999999403953552
      ]
    ],
    [
      [
        0.908143162727356,
        -1.4386269953092778e-10,
        -0.4186597764492035,
        2.9882286867177754e-08
      ],
      [
        -0.09595698863267899,
        0.9733792543411255,
        -0.20814678072929382,
        0.0
      ],
      [
        0.407514750957489,
        0.22920039296150208,
        0.8839677572250366,
        1.262254238128662
      ],
      [
        -3.3237412822018086e-10,
        -7.37688488072763e-09,
        -1.1319421844291355e-08,
        1.0
      ]
    ],
    [
      [
        0.9039892554283142,
        1.0063892830203258e-08,
        -0.42755505442619324,
        2.531218967760651e-08
      ],
      [
        -0.09935717284679413,
        0.9726239442825317,
        -0.21007311344146729,
        2.9802322387695312e-08
      ],
      [
        0.41585031151771545,
        0.23238450288772583,
        0.8792416453361511,
        1.2693721055984497
      ],
      [
        1.9169608123092985e-09,
        8.333564949225547e-10,
        -2.911637153601987e-09,
        1.0
      ]
    ],
    [
      [
        0.8997482657432556,
        -6.8371015515822364e-09,
        -0.43640923500061035,
        -7.88270426710369e-09
      ],
      [
        -0.10280325263738632,
        0.9718582630157471,
        -0.21195028722286224,
        -2.9802322387695312e-08
      ],
      [
        0.4241279065608978,
        0.2355661690235138,
        0.874427855014801,
        1.2764902114868164
      ],
      [
        -3.4272940041546462e-09,
        -2.3966766349303725e-09,
        1.7089657688984516e-08,
        1.0
      ]
    ],
    [
      [
        0.8954205513000488,
        2.3378488478442705e-08,
        -0.44522130489349365,
        5.301274086377816e-09
      ],
      [
        -0.10629449039697647,
        0.9710821509361267,
        -0.21377743780612946,
        2.9802322387695312e-08
      ],
      [
        0.4323464334011078,
        0.23874525725841522,
        0.8695268630981445,
        1.2836079597473145
      ],
      [
        -1.9992850042171995e-08,
        -1.0031708796987004e-09,
        -3.62807668352616e-08,
        1.0
      ]
    ],
    [
      [
        0.891006588935852,
        1.4167351736205092e-08,
        -0.45399048924446106,
        4.4559133272059626e-08
      ],
      [
        -0.10983021557331085,
        0.9702956676483154,
        -0.21555395424365997,
        0.0
      ],
      [
        0.4405049681663513,
        0.24192185699939728,
        0.8645397424697876,
        1.2907260656356812
      ],
      [
        2.1819701601089037e-09,
        3.072882392984866e-09,
        -5.0860222700066515e-09,
        1.0
      ]
    ],
    [
      [
        0.8865065574645996,
        -9.58561141573e-09,
        -0.4627159535884857,
        -1.5181555568233307e-08
      ],
      [
        -0.11340978741645813,
        0.969498872756958,
        -0.21727913618087769,
        -2.9802322387695312e-08
      ],
      [
        0.4486026167869568,
        0.24509592354297638,
        0.8594672083854675,
        1.2978441715240479
      ],
      [
        8.581494626014319e-09,
        3.724633046431336e-09,
        1.7237212546206138e-08,
        1.0
      ]
    ],
    [
      [
        0.8819212913513184,
        2.1303812047790416e-09,
        -0.47139668464660645,
        1.6492410281898628e-07
      ],
      [
        -0.11703234910964966,
        0.9686915278434753,
        -0.21895214915275574,
        2.9802322387695312e-08
      ],
      [
        0.45663800835609436,
        0.24826720356941223,
        0.8543096780776978,
        1.304961919784546
      ],
      [
        -2.084258099444014e-09,
        -9.591646588091862e-09,
        -3.363474121442778e-08,
        1.0
      ]
    ],
    [
      [
        0.8772509098052979,
        -6.109758032835089e-09,
        -0.48003217577934265,
        -1.7259026208193973e-08
      ],
      [
        -0.12069733440876007,
        0.9678739309310913,
        -0.22057241201400757,
        0.0
      ],
      [
        0.46461060643196106,
        0.25143593549728394,
        0.849068284034729,
        1.3120800256729126
      ],
      [
        -1.1396231514027022e-08,
        -4.626926397577336e-09,
        -2.3981812091733445e-08,
        1.0
      ]
    ],
    [
      [
        0.8724959492683411,
        -1.1408619826625e-08,
        -0.4886212646961212,
        -1.2355982903500262e-08
      ],
      [
        -0.1244039312005043,
        0.9670459628105164,
        -0.22213919460773468,
        -2.9802322387695312e-08
      ],
      [
        0.4725192189216614,
        0.25460198521614075,
        0.8437437415122986,
        1.3191980123519897
      ],
      [
        5.884739806560901e-09,
        5.77334979823263e-09,
        -1.863021381609542e-08,
        1.0
      ]
    ],
    [
      [
        0.867656946182251,
        -2.3130619197786473e-08,
        -0.4971632957458496,
        -1.5315465873300127e-07
      ],
      [
        -0.12815138697624207,
        0.9662075042724609,
        -0.22365179657936096,
        0.0
      ],
      [
        0.4803628623485565,
        0.2577652037143707,
        0.838336706161499,
        1.3263161182403564
      ],
      [
        -1.0619453760796205e-08,
        -1.0257549476477834e-08,
        -2.4465364845127624e-08,
        1.0
      ]
    ],
    [
      [
        0.8627343773841858,
        7.867470230848994e-09,
        -0.5056573748588562,
        3.225855493838026e-08
      ],
      [
        -0.13193903863430023,
        0.9653589129447937,
        -0.22510963678359985,
        0.0
      ],
      [
        0.4881408214569092,
        0.2609257698059082,
        0.832848310470581,
        1.333433985710144
      ],
      [
        -1.3934396747572464e-08,
        7.183473371696891e-09,
        -1.2272295180082438e-08,
        1.0
      ]
    ],
    [
      [
        0.8577286005020142,
        9.673298606571734e-09,
        -0.5141028165817261,
        -2.7420405501743517e-08
      ],
      [
        -0.13576605916023254,
        0.964499831199646,
        -0.22651198506355286,
        -2.9802322387695312e-08
      ],
      [
        0.4958520531654358,
        0.26408347487449646,
        0.8272791504859924,
        1.3405519723892212
      ],
      [
        -1.1775870945029965e-08,
        -7.689420655765389e-09,
        -1.2123553716492097e-08,
        1.0
      ]
    ],
    [
      [
        0.8526402115821838,
        -2.1332127175810456e-09,
        -0.5224985480308533,
        -6.459490009547153e-08
      ],
      [
        -0.13963165879249573,
        0.9636303782463074,
        -0.22785817086696625,
        0.0
      ],
      [
        0.5034955143928528,
        0.2672383487224579,
        0.82163006067276,
        1.3476699590682983
      ],
      [
        -9.093618302813411e-09,
        -6.907182381610255e-09,
        -3.970583861701016e-10,
        1.0
      ]
    ],
    [
      [
        0.8474695682525635,
        -1.1733161997540265e-08,
        -0.5308440327644348,
        -5.145295745023759e-08
      ],
      [
        -0.14353513717651367,
        0.9627507925033569,
        -0.22914765775203705,
        2.9802322387695312e-08
      ],
      [
        0.5110704302787781,
        0.27039042115211487,
        0.8159018754959106,
        1.354787826538086
      ],
      [
        -1.1218730833206791e-08,
        2.86814838545979e-09,
        -2.2132326193968765e-08,
        1.0
      ]
    ],
    [
      [
        0.842217206954956,
        9.040284965067258e-09,
        -0.5391383767127991,
        8.501302772856434e-09
      ],
      [
        -0.14747567474842072,
        0.9618607759475708,
        -0.23037974536418915,
        -2.308527768946078e-08
      ],
      [
        0.5185759663581848,
        0.2735395133495331,
        0.8100956678390503,
        1.3619056940078735
      ],
      [
        -3.2487811552073254e-08,
        -1.3528531184192616e-08,
        -2.4734148951210955e-08,
        0.9999999403953552
      ]
    ],
    [
      [
        0.8368837833404541,
        -4.466578218398354e-10,
        -0.5473806262016296,
        -2.9605089935103024e-08
      ],
      [
        -0.15145240724086761,
        0.9609604477882385,
        -0.23155377805233002,
        3.610980670032404e-08
      ],
      [
        0.526011049747467,
        0.2766857445240021,
        0.8042120337486267,
        1.3690236806869507
      ],
      [
        -1.8520054823056853e-08,
        -5.895302024327975e-10,
        -1.4823839933342242e-08,
        0.9999999403953552
      ]
    ],
    [
      [
        0.8314695358276367,
        -1.4470582954118072e-08,
        -0.5555703043937683,
        1.4844928841739602e-08
      ],
      [
        -0.15546467900276184,
        0.9600498080253601,
        -0.23266932368278503,
        0.0
      ],
      [
        0.5333751440048218,
        0.2798289954662323,
        0.798252284526825,
        1.3761416673660278
      ],
      [
        -1.7821299991283013e-08,
        -7.742189112036613e-09,
        -3.2166447283543675e-09,
        1.0
      ]
    ],
    [
      [
        0.8259754180908203,
        4.979652601377893e-08,
        -0.5637062191963196,
        6.800105722959415e-08
      ],
      [
        -0.1595115065574646,
        0.9591290354728699,
        -0.23372557759284973,
        8.940696716308594e-08
      ],
      [
        0.5406668782234192,
        0.282969206571579,
        0.7922166585922241,
        1.3832595348358154
      ],
      [
        6.114643014143439e-09,
        -4.228885686075046e-09,
        -1.4365689082751487e-08,
        1.0
      ]
    ],
    [
      [
        0.8204014897346497,
        1.2023786410964021e-08,
        -0.5717878937721252,
        1.990932503304066e-07
      ],
      [
        -0.16359220445156097,
        0.9581977128982544,
        -0.23472212255001068,
        0.0
      ],
      [
        0.5478858947753906,
        0.2861064076423645,
        0.7861067652702332,
        1.3903776407241821
      ],
      [
        -8.408051144215278e-09,
        -1.3056503433972466e-08,
        -9.159894176491434e-09,
        1.0
      ]
    ],
    [
      [
        0.8147484064102173,
        -7.274156388348274e-09,
        -0.579814612865448,
        -5.498014843396959e-08
      ],
      [
        -0.16770592331886292,
        0.9572563767433167,
        -0.23565836250782013,
        -2.9802322387695312e-08
      ],
      [
        0.5550311803817749,
        0.28924062848091125,
        0.7799232006072998,
        1.3974957466125488
      ],
      [
        -1.0328335520171095e-08,
        5.545558678932139e-09,
        4.727098712464795e-10,
        1.0
      ]
    ],
    [
      [
        0.8090170621871948,
        -2.608359750411182e-09,
        -0.5877852439880371,
        -5.808885816804832e-09
      ],
      [
        -0.1718517690896988,
        0.9563047289848328,
        -0.23653367161750793,
        -8.940696716308594e-08
      ],
      [
        0.5621018409729004,
        0.2923717200756073,
        0.7736667990684509,
        1.4046138525009155
      ],
      [
        2.2020742562745e-08,
        9.724242744368894e-09,
        1.8802573720222426e-08,
        1.0
      ]
    ],
    [
      [
        0.803207516670227,
        -1.4874330211966935e-08,
        -0.5956993699073792,
        -7.717152783470738e-08
      ],
      [
        -0.17602893710136414,
        0.9553427696228027,
        -0.23734749853610992,
        4.803095166039384e-08
      ],
      [
        0.569097101688385,
        0.2954995930194855,
        0.7673385739326477,
        1.4117316007614136
      ],
      [
        0.0,
        4.701982803112514e-09,
        -1.1482566009135553e-08,
        1.0
      ]
    ],
    [
      [
        0.7973206639289856,
        1.7885144032447897e-08,
        -0.6035559177398682,
        3.245811797114584e-08
      ],
      [
        -0.18023651838302612,
        0.9543706774711609,
        -0.23809939622879028,
        -6.642737915285579e-09
      ],
      [
        0.5760160684585571,
        0.2986243963241577,
        0.7609394788742065,
        1.4188497066497803
      ],
      [
        -1.1920928955078125e-07,
        5.853088680396468e-09,
        -4.018556154505859e-08,
        1.0
      ]
    ],
    [
      [
        0.7913568615913391,
        9.498580588740424e-09,
        -0.611354410648346,
        2.4802959686098802e-08
      ],
      [
        -0.18447378277778625,
        0.9533883929252625,
        -0.23878876864910126,
        -1.557303974664137e-08
      ],
      [
        0.582858145236969,
        0.3017459809780121,
        0.7544705271720886,
        1.4259676933288574
      ],
      [
        -1.1920928955078125e-07,
        4.796200769874304e-09,
        1.2820397188306742e-08,
        1.0
      ]
    ],
    [
      [
        0.7853168845176697,
        1.3724589464914061e-08,
        -0.6190938949584961,
        2.5830939165416567e-08
      ],
      [
        -0.1887396275997162,
        0.9523957967758179,
        -0.23941506445407867,
        -1.7753475134441032e-08
      ],
      [
        0.5896224975585938,
        0.3048642873764038,
        0.7479325532913208,
        1.4330856800079346
      ],
      [
        0.0,
        5.3393804932966304e-09,
        1.9989627730865323e-09,
        1.0
      ]
    ],
    [
      [
        0.7792011499404907,
        -2.4587713198798156e-08,
        -0.6267738342285156,
        -9.56756665004832e-08
      ],
      [
        -0.19303345680236816,
        0.9513930082321167,
        -0.2399778962135315,
        4.660958907720669e-08
      ],
      [
        0.5963082909584045,
        0.30797937512397766,
        0.7413265705108643,
        1.4402035474777222
      ],
      [
        0.0,
        1.7115393546873747e-09,
        -1.5266621744558506e-08,
        1.0
      ]
    ],
    [
      [
        0.7730104327201843,
        -9.438716475074216e-09,
        -0.6343932747840881,
        5.2774659309307026e-08
      ],
      [
        -0.19735416769981384,
        0.9503800868988037,
        -0.24047671258449554,
        -1.5598256020155077e-09
      ],
      [
        0.6029147505760193,
        0.31109118461608887,
        0.7346537709236145,
        1.4473216533660889
      ],
      [
        0.0,
        1.6063353314166307e-08,
        2.712560132067665e-08,
        1.0000001192092896
      ]
    ],
    [
      [
        0.7667450904846191,
        -1.7679504082934727e-08,
        -0.6419516205787659,
        8.412680274627604e-11
      ],
      [
        -0.20170089602470398,
        0.9493569135665894,
        -0.24091096222400665,
        7.554735503845222e-08
      ],
      [
        0.6094411611557007,
        0.3141995370388031,
        0.7279148101806641,
        1.454439401626587
      ],
      [
        0.0,
        1.3745218296890016e-09,
        1.051159870257834e-08,
        1.0
      ]
    ],
    [
      [
        0.760405957698822,
        -4.481288229385427e-09,
        -0.649448037147522,
        -1.934727755781296e-08
      ],
      [
        -0.20607292652130127,
        0.9483236074447632,
        -0.24128036201000214,
        5.653370660496648e-09
      ],
      [
        0.6158869862556458,
        0.3173046112060547,
        0.7211109399795532,
        1.461557388305664
      ],
      [
        0.0,
        -2.594413217593683e-08,
        1.54324979462217e-08,
        1.0
      ]
    ],
    [
      [
        0.7539933919906616,
        -1.3525669473324342e-08,
        -0.6568819284439087,
        1.3861248149282801e-08
      ],
      [
        -0.21046912670135498,
        0.9472801089286804,
        -0.24158427119255066,
        9.189063732151226e-09
      ],
      [
        0.6222512125968933,
        0.32040631771087646,
        0.7142431139945984,
        1.4686754941940308
      ],
      [
        0.0,
        1.880629696415781e-08,
        1.727920206917588e-08,
        1.0
      ]
    ],
    [
      [
        0.7475082874298096,
        -3.294320150004637e-09,
        -0.6642523407936096,
        7.642459110002164e-08
      ],
      [
        -0.21488869190216064,
        0.9462265968322754,
        -0.24182233214378357,
        -1.7525220386005458e-08
      ],
      [
        0.6285333037376404,
        0.3235045373439789,
        0.7073121666908264,
        1.4757933616638184
      ],
      [
        0.0,
        -2.8029539578255935e-08,
        -1.3673187027052336e-08,
        1.0
      ]
    ],
    [
      [
        0.7409511208534241,
        -9.443638759876194e-09,
        -0.6715589761734009,
        1.3679351873463474e-08
      ],
      [
        -0.21933069825172424,
        0.9451628923416138,
        -0.24199414253234863,
        -4.426897248777095e-08
      ],
      [
        0.6347324848175049,
        0.3265993595123291,
