{
  "intrinsic": [
    [
      5550.29541015625,
      0.0,
      378.0
    ],
    [
      0.0,
      3533.024658203125,
      238.0
    ],
    [
      0.0,
      0.0,
      1.0
    ]
  ],
  "extrinsic": [
    [
      [
        1.0,
        0.0,
        0.0,
        0.0
      ],
      [
        0.0,
        0.9961946606636047,
        -0.08715575188398361,
        -5.335937025563453e-09
      ],
      [
        0.0,
        0.08715574443340302,
        0.9961946606636047,
        1.0232430696487427
      ],
      [
        0.0,
        -2.547284161380503e-09,
        -4.748075710381272e-08,
        0.9999999403953552
      ]
    ],
    [
      [
        1.0,
        0.0,
        0.0,
        0.0
      ],
      [
        0.0,
        0.9961946606636047,
        -0.08715575188398361,
        -5.335937025563453e-09
      ],
      [
        0.0,
        0.08715574443340302,
        0.9961946606636047,
        1.0232430696487427
      ],
      [
        0.0,
        -2.547284161380503e-09,
        -4.748075710381272e-08,
        0.9999999403953552
      ]
    ],
    [
      [
        0.9998988509178162,
        1.0874543626693267e-10,
        -0.014229467138648033,
        1.945993588492456e-09
      ],
      [
        -0.0015379866817966104,
        0.9941417574882507,
        -0.10807367414236069,
        1.5704232581015276e-08
      ],
      [
        0.014146106317639351,
        0.10808461159467697,
        0.9940409660339355,
        1.0258010625839233
      ],
      [
        -6.039283517722538e-10,
        -7.0723626954816154e-09,
        -2.318441261195403e-08,
        0.9999999403953552
      ]
    ],
    [
      [
        0.9998528361320496,
        -2.159503686982589e-10,
        -0.017155613750219345,
        -3.1904123787285243e-10
      ],
      [
        -0.002165890298783779,
        0.9919984936714172,
        -0.12623107433319092,
        1.4901161193847656e-08
      ],
      [
        0.01701834239065647,
        0.12624967098236084,
        0.9918524622917175,
        1.028359293937683
      ],
      [
        9.265218592346969e-10,
        -3.5180889312869112e-09,
        -2.3059609333131448e-08,
        1.0
      ]
    ],
    [
      [
        0.9998536109924316,
        -1.0601036715129908e-10,
        -0.017113294452428818,
        -1.8585954997263343e-09
      ],
      [
        -0.0024714781902730465,
        0.9895166754722595,
        -0.14439746737480164,
        1.4901161193847656e-08
      ],
      [
        0.01693388819694519,
        0.1444186270236969,
        0.9893717169761658,
        1.0309174060821533
      ],
      [
        -4.2999204197258223e-10,
        -1.253141590495943e-09,
        -2.134680698873126e-08,
        1.0
      ]
    ],
    [
      [
        0.9998980164527893,
        2.843112412165283e-10,
        -0.01427896972745657,
        4.4087666850600726e-10
      ],
      [
        -0.002320978557690978,
        0.9867011308670044,
        -0.1625286191701889,
        4.753431426252064e-09
      ],
      [
        0.014089074917137623,
        0.16254520416259766,
        0.9866003394126892,
        1.033475399017334
      ],
      [
        -9.014871626966681e-10,
        -1.0605674560792977e-08,
        -1.0862830635005594e-08,
        0.9999999403953552
      ]
    ],
    [
      [
        0.9999610185623169,
        1.6493753585145043e-10,
        -0.008828813210129738,
        1.6854215800776728e-09
      ],
      [
        -0.0015943387988954782,
        0.9835595488548279,
        -0.18057653307914734,
        0.0
      ],
      [
        0.008683665655553341,
        0.18058358132839203,
        0.9835212826728821,
        1.0360336303710938
      ],
      [
        6.909768868190724e-10,
        9.559035341055733e-09,
        3.646007584734434e-08,
        1.0
      ]
    ],
    [
      [
        0.9999995827674866,
        5.07112147413169e-12,
        -0.0009390272898599505,
        -1.7550480513328637e-10
      ],
      [
        -0.00018638605251908302,
        0.9801031947135925,
        -0.19848833978176117,
        -2.9802322387695312e-08
      ],
      [
        0.000920343678444624,
        0.19848842918872833,
        0.9801028370857239,
        1.0385918617248535
      ],
      [
        1.3080342364801822e-11,
        4.2201042660394705e-09,
        5.905905808845091e-08,
        1.0
      ]
    ],
    [
      [
        0.9999575614929199,
        -9.633802089403787e-11,
        0.00921363104134798,
        -6.586362566451953e-10
      ],
      [
        0.0019921264611184597,
        0.9763456583023071,
        -0.21620596945285797,
        1.4901161193847656e-08
      ],
      [
        -0.008995688520371914,
        0.21621514856815338,
        0.9763042330741882,
        1.0411498546600342
      ],
      [
        1.6145274006618138e-10,
        1.9237607062905226e-09,
        -2.8558140741097304e-08,
        1.0
      ]
    ],
    [
      [
        0.999769926071167,
        5.042688488998692e-11,
        0.021451307460665703,
        5.20604093168231e-09
      ],
      [
        0.005013599991798401,
        0.9723039269447327,
        -0.23366624116897583,
        1.4848472673634205e-08
      ],
      [
        -0.02085718885064125,
        0.23372001945972443,
        0.9720801711082458,
        1.0437079668045044
      ],
      [
        1.2555463335672812e-09,
        -5.86940096525268e-09,
        -4.8125919249741855e-08,
        0.9999999403953552
      ]
    ],
    [
      [
        0.999366283416748,
        -1.7433086085816285e-09,
        0.035594530403614044,
        -5.238263156570611e-10
      ],
      [
        0.008932809345424175,
        0.9679973721504211,
        -0.25080111622810364,
        -2.9802322387695312e-08
      ],
      [
        -0.03445541486144066,
        0.2509601414203644,
        0.9673839807510376,
        1.0462660789489746
      ],
      [
        -1.5087742166741691e-09,
        1.0712236431231759e-08,
        3.165821027550919e-08,
        1.0
      ]
    ],
    [
      [
        0.9986749887466431,
        3.45759754161179e-10,
        0.051461849361658096,
        3.146551907917683e-09
      ],
      [
        0.013786306604743004,
        0.9634483456611633,
        -0.26753875613212585,
        -2.9802322387695312e-08
      ],
      [
        -0.04958083853125572,
        0.2678937017917633,
        0.9621717929840088,
        1.0488241910934448
      ],
      [
        -9.504206310850805e-10,
        -1.0065299704820063e-09,
        -5.6424198646709556e-09,
        1.0
      ]
    ],
    [
      [
        0.9976257085800171,
        1.9485639768390683e-09,
        0.06886951625347137,
        1.7522246764656302e-08
      ],
      [
        0.019592009484767914,
        0.9586819410324097,
        -0.28380465507507324,
        -4.8398259622217665e-08
      ],
      [
        -0.06602396070957184,
        0.28448009490966797,
        0.956405758857727,
        1.051382303237915
      ],
      [
        3.810934678938338e-09,
        -1.6263641100522364e-08,
        -4.709953316250903e-09,
        0.9999999403953552
      ]
    ],
    [
      [
        0.9961529970169067,
        1.2357053158496e-09,
        0.0876314640045166,
        -5.928448842951184e-10
      ],
      [
        0.026349004358053207,
        0.9537251591682434,
        -0.2995230257511139,
        2.9802322387695312e-08
      ],
      [
        -0.08357633650302887,
        0.3006797432899475,
        0.950056254863739,
        1.0539402961730957
      ],
      [
        -6.859899315259099e-10,
        1.4130151271274372e-08,
        1.7681642816569365e-08,
        1.0
      ]
    ],
    [
      [
        0.9941986203193665,
        -4.1738612566177835e-11,
        0.10755942761898041,
        2.600727633250699e-08
      ],
      [
        0.03403765335679054,
        0.9486076831817627,
        -0.3146185278892517,
        -2.9802322387695312e-08
      ],
      [
        -0.10203170031309128,
        0.31645438075065613,
        0.9431045055389404,
        1.056498646736145
      ],
      [
        -6.264921914578281e-10,
        -3.2159750418259136e-09,
        3.461450148734002e-08,
        1.0
      ]
    ],
    [
      [
        0.9917142987251282,
        -8.51730685980101e-09,
        0.12846329808235168,
        8.658007644157806e-09
      ],
      [
        0.04261796176433563,
        0.9433665871620178,
        -0.32900315523147583,
        2.9802322387695312e-08
      ],
      [
        -0.12118800729513168,
        0.3317519426345825,
        0.9355500936508179,
        1.0590565204620361
      ],
      [
        -4.244507412209941e-09,
        -1.501298640960158e-09,
        1.8074196361794748e-08,
        1.0
      ]
    ],
    [
      [
        0.9886630177497864,
        1.120979309376935e-09,
        0.15015169978141785,
        5.484171339276145e-09
      ],
      [
        0.052004482597112656,
        0.9381067156791687,
        -0.34241974353790283,
        -5.960464477539063e-08
      ],
      [
        -0.14085830748081207,
        0.3463462293148041,
        0.9274713397026062,
        1.061614751815796
      ],
      [
        -4.2899443997157505e-09,
        -1.2623218026419636e-09,
        1.1165980140503962e-08,
        1.0
      ]
    ],
    [
      [
        0.9850213527679443,
        -1.2924559200655494e-09,
        0.17243248224258423,
        -2.1537971406360157e-09
      ],
      [
        0.06205911934375763,
        0.9329892992973328,
        -0.3545129895210266,
        0.0
      ],
      [
        -0.16087767481803894,
        0.3599039316177368,
        0.9190143942832947,
        1.0641727447509766
      ],
      [
        -8.536664708458375e-09,
        1.7513237082766864e-08,
        2.0986060889072178e-08,
        1.0
      ]
    ],
    [
      [
        0.9807805418968201,
        1.170017860374628e-09,
        0.19511385262012482,
        3.8400358448598126e-08
      ],
      [
        0.07260134816169739,
        0.9281936883926392,
        -0.3649459183216095,
        -2.548901356647093e-08
      ],
      [
        -0.1811034232378006,
        0.37209734320640564,
        0.9103543162345886,
        1.0667309761047363
      ],
      [
        4.188636104629495e-09,
        -2.7664226465162756e-08,
        -3.65821186676385e-08,
        0.9999999403953552
      ]
    ],
    [
      [
        0.9759476780891418,
        -4.247515672517466e-09,
        0.2180051952600479,
        3.4359537437467225e-09
      ],
      [
        0.08341005444526672,
        0.9239116907119751,
        -0.37340325117111206,
        0.0
      ],
      [
        -0.20141753554344177,
        0.38260582089424133,
        0.901689350605011,
        1.069288969039917
      ],
      [
        7.292539905279227e-09,
        -2.120694730933792e-09,
        -4.028206390671585e-08,
        1.0
      ]
    ],
    [
      [
        0.9705454707145691,
        -4.915562179519384e-09,
        0.24091795086860657,
        -3.1534213462691696e-08
      ],
      [
        0.09422612190246582,
        0.9203426837921143,
        -0.3795928657054901,
        2.6525910357122484e-09
      ],
      [
        -0.22172704339027405,
        0.3911128640174866,
        0.8932343125343323,
        1.0718469619750977
      ],
      [
        9.097721687112426e-09,
        -1.0740571099177032e-08,
        -5.653323142951194e-08,
        0.9999999403953552
      ]
    ],
    [
      [
        0.9646137356758118,
        -3.8715413097634155e-09,
        0.26366686820983887,
        -5.863282126483682e-08
      ],
      [
        0.1047559380531311,
        0.9176869988441467,
        -0.383245050907135,
        2.9802322387695312e-08
      ],
      [
        -0.24196365475654602,
        0.39730414748191833,
        0.8852134943008423,
        1.0744050741195679
      ],
      [
        7.500812415628388e-09,
        -5.44796208146181e-09,
        4.713811563306081e-09,
        1.0
      ]
    ],
    [
      [
        0.958208441734314,
        -6.444222044876824e-09,
        0.28607088327407837,
        4.7220225951605244e-08
      ],
      [
        0.11469928175210953,
        0.9161012172698975,
        -0.3841908872127533,
        -5.960464477539063e-08
      ],
      [
        -0.2620699107646942,
        0.40094706416130066,
        0.8778159618377686,
        1.0769634246826172
      ],
      [
        -1.2401891069657722e-08,
        6.660307860784087e-09,
        1.702659346847213e-08,
        1.0
      ]
    ],
    [
      [
        0.9514012932777405,
        -1.5010702014706112e-08,
        0.3079538345336914,
        1.6704987615412392e-08
      ],
      [
        0.12384006381034851,
        0.9155789017677307,
        -0.3825949430465698,
        1.541090810519563e-09
      ],
      [
        -0.2819560468196869,
        0.4021383225917816,
        0.8710829019546509,
        1.0795212984085083
      ],
      [
        1.4163672901190694e-08,
        -1.7082880887642204e-08,
        -2.115701391858238e-08,
        0.9999999403953552
      ]
    ],
    [
      [
        0.9442792534828186,
        1.2504037805172175e-08,
        0.32914549112319946,
        2.6041639955565188e-09
      ],
      [
        0.1320037990808487,
        0.9160560965538025,
        -0.37870311737060547,
        0.0
      ],
      [
        -0.30151575803756714,
        0.40105000138282776,
        0.8650127053260803,
        1.082079529762268
      ],
      [
        -1.8575079252514115e-09,
        1.536251303946301e-08,
        1.0792909677093121e-08,
        1.0
      ]
    ],
    [
      [
        0.9369431734085083,
        2.4623103556109527e-09,
        0.34948188066482544,
        3.7516286965910695e-08
      ],
      [
        0.13904008269309998,
        0.9174520969390869,
        -0.3727593719959259,
        0.0
      ],
      [
        -0.3206328749656677,
        0.39784637093544006,
        0.8596003651618958,
        1.0846376419067383
      ],
      [
        3.5654323937706067e-10,
        1.6915290501628988e-08,
        6.7435550477057404e-09,
        1.0
      ]
    ],
    [
      [
        0.9295065402984619,
        -1.729558007923515e-08,
        0.3688056170940399,
        -4.600970271440019e-09
      ],
      [
        0.14482481777668,
        0.9196724891662598,
        -0.365004301071167,
        0.0
      ],
      [
        -0.3391803503036499,
        0.39268606901168823,
        0.8548415899276733,
        1.0871957540512085
      ],
      [
        1.55377080091057e-08,
        -9.812374912598898e-09,
        -3.680737847844284e-08,
        1.0
      ]
    ],
    [
      [
        0.92209392786026,
        -1.4016372951175526e-08,
        0.3869660496711731,
        -8.899156966890587e-09
      ],
      [
        0.14926224946975708,
        0.9226140975952148,
        -0.355674147605896,
        -2.7155985904414592e-08
      ],
      [
        -0.3570202887058258,
        0.38572439551353455,
        0.8507368564605713,
        1.0897538661956787
      ],
      [
        1.656493076040988e-08,
        -5.006564052223439e-09,
        -2.0117781218687014e-08,
        0.9999999403953552
      ]
    ],
    [
      [
        0.9148385524749756,
        4.137992704045246e-08,
        0.40381988883018494,
        5.6370417667039874e-08
      ],
      [
        0.152286097407341,
        0.9261668920516968,
        -0.34499838948249817,
        -2.9802322387695312e-08
      ],
      [
        -0.3740045428276062,
        0.3771139979362488,
        0.8472931385040283,
        1.0923120975494385
      ],
      [
        1.2580802177808437e-08,
        1.934534310521485e-09,
        1.1152408774250944e-08,
        1.0
      ]
    ],
    [
      [
        0.9078565239906311,
        -7.1437398219131865e-09,
        0.4192809462547302,
        -4.7682533477200195e-08
      ],
      [
        0.1538790762424469,
        0.9302181005477905,
        -0.33318978548049927,
        2.9802322387695312e-08
      ],
      [
        -0.39002272486686707,
        0.36700713634490967,
        0.8445045948028564,
        1.0948700904846191
      ],
      [
        8.109090288144216e-09,
        2.7185649287275737e-09,
        -6.5355720835214015e-09,
        1.0
      ]
    ],
    [
      [
        0.9012277126312256,
        -1.4319931906925376e-08,
        0.4333457946777344,
        3.937973502843306e-08
      ],
      [
        0.15407919883728027,
        0.9346544742584229,
        -0.3204379975795746,
        2.9802322387695312e-08
      ],
      [
        -0.4050285816192627,
        0.35555723309516907,
        0.8423365950584412,
        1.0974282026290894
      ],
      [
        -2.6159199251196696e-08,
        2.5910647849514135e-08,
        6.07846644129495e-08,
        1.0
      ]
    ],
    [
      [
        0.8950239419937134,
        2.1155340590439664e-08,
        0.44601812958717346,
        2.5087487642849737e-08
      ],
      [
        0.152948260307312,
        0.9393647909164429,
        -0.3069210946559906,
        2.9802322387695312e-08
      ],
      [
        -0.4189737141132355,
        0.34291940927505493,
        0.8407540321350098,
        1.0999863147735596
      ],
      [
        -3.474518450730102e-09,
        -1.276596606203384e-08,
        7.120206646504812e-10,
        1.0
      ]
    ],
    [
      [
        0.8893119692802429,
        7.307274785262052e-10,
        0.4573010504245758,
        -3.7914531958449516e-08
      ],
      [
        0.1505671888589859,
        0.9442421197891235,
        -0.29280751943588257,
        0.0
      ],
      [
        -0.4318029284477234,
        0.32925179600715637,
        0.8397257328033447,
        1.1025443077087402
      ],
      [
        -4.4140833210803976e-09,
        9.299160552700414e-09,
        -2.1100930780448834e-08,
        1.0
      ]
    ],
    [
      [
        0.8841530680656433,
        3.017881056166516e-09,
        0.4671972692012787,
        7.565236614937021e-08
      ],
      [
        0.1470344364643097,
        0.9491857290267944,
        -0.2782571315765381,
        0.0
      ],
      [
        -0.4434570372104645,
        0.31471601128578186,
        0.8392256498336792,
        1.1051026582717896
      ],
      [
        -2.1755758083941146e-08,
        1.5764959115927013e-08,
        3.412271354363838e-08,
        1.0
      ]
    ],
    [
      [
        0.8796034455299377,
        4.284562038492368e-09,
        0.4757077097892761,
        1.0333619826496943e-07
      ],
      [
        0.14246386289596558,
        0.9541032314300537,
        -0.2634216547012329,
        -8.032780840494524e-08
      ],
      [
        -0.45387423038482666,
        0.299477756023407,
        0.8392324447631836,
        1.1076606512069702
      ],
      [
        2.105529972595832e-08,
        -1.0970758523853874e-08,
        -3.566867690096842e-08,
        0.9999999403953552
      ]
    ],
    [
      [
        0.8757132291793823,
        9.324324423687358e-09,
        0.48283156752586365,
        1.002055682874925e-08
      ],
      [
        0.13698257505893707,
        0.9589110612869263,
        -0.2484457939863205,
        1.0223793367458711e-08
      ],
      [
        -0.46299251914024353,
        0.28370678424835205,
        0.8397311568260193,
        1.1102187633514404
      ],
      [
        2.1337552169597984e-08,
        -2.8579876243384206e-09,
        -2.7333094010373316e-08,
        0.9999999403953552
      ]
    ],
    [
      [
        0.8725271821022034,
        2.0838246683752004e-09,
        0.4885656237602234,
        -6.027659082974424e-08
      ],
      [
        0.1307288557291031,
        0.9635365009307861,
        -0.23346802592277527,
        5.960464477539063e-08
      ],
      [
        -0.4707508087158203,
        0.26757684350013733,
        0.8407115936279297,
        1.112776756286621
      ],
      [
        -4.331582204031292e-09,
        -3.652017355193493e-09,
        -1.5438331502082292e-08,
        1.0
      ]
    ],
    [
      [
        0.8700835108757019,
        8.23012769046727e-10,
        0.4929042458534241,
        7.637198251586597e-08
      ],
      [
        0.12384993582963943,
        0.9679181575775146,
        -0.2186221480369568,
        -5.960464477539063e-08
      ],
      [
        -0.4770910441875458,
        0.2512657344341278,
        0.8421697616577148,
        1.1153351068496704
      ],
      [
        -2.294139633818304e-08,
        1.9057740274774915e-08,
        3.740080956049496e-08,
        1.0
      ]
    ],
    [
      [
        0.8684148788452148,
        6.8613585924026665e-09,
        0.49583837389945984,
        -1.1492389262457436e-08
      ],
      [
        0.1164994090795517,
        0.9720063209533691,
        -0.2040378749370575,
        2.9802322387695312e-08
      ],
      [
        -0.4819580614566803,
        0.23495440185070038,
        0.8441047072410583,
        1.1178929805755615
      ],
      [
        -3.153870054006802e-09,
        3.155798289355971e-09,
        2.6158136989806735e-08,
        1.0
      ]
    ],
    [
      [
        0.8675468564033508,
        1.5078720494443587e-09,
        0.4973556101322174,
        5.630908361808906e-08
      ],
      [
        0.10883492976427078,
        0.9757636189460754,
        -0.18984286487102509,
        -2.9802322387695312e-08
      ],
      [
        -0.48530149459838867,
        0.21882720291614532,
        0.846520721912384,
        1.1204513311386108
      ],
      [
        -7.239151500471053e-09,
        2.301386636816005e-09,
        9.036295267605965e-09,
        1.0
      ]
    ],
    [
      [
        0.8674986362457275,
        -8.197792666919668e-09,
        0.49743953347206116,
        -5.9122399420630245e-08
      ],
      [
        0.10101532191038132,
        0.9791640639305115,
        -0.1761634200811386,
        1.4901161193847656e-08
      ],
      [
        -0.4870748817920685,
        0.2030705362558365,
        0.849423348903656,
        1.1230090856552124
      ],
      [
        2.923288278111613e-09,
        -6.870373603362623e-09,
        -4.4108045216262326e-08,
        1.0
      ]
    ],
    [
      [
        0.8682823181152344,
        -7.808409918652615e-09,
        0.49607038497924805,
        6.14489863437484e-08
      ],
      [
        0.09319819509983063,
        0.9821933507919312,
        -0.16312673687934875,
        2.9802322387695312e-08
      ],
      [
        -0.48723697662353516,
        0.18787294626235962,
        0.8528209924697876,
        1.1255673170089722
      ],
      [
        3.6818619264522567e-09,
        -1.52694212829374e-09,
        -6.9259442625480006e-09,
        1.0
      ]
    ],
    [
      [
        0.869893491268158,
        -2.038818003313736e-09,
        0.4932396411895752,
        8.002045603916486e-08
      ],
      [
        0.08552372455596924,
        0.9848529100418091,
        -0.1508324146270752,
        3.0627127500792994e-09
      ],
      [
        -0.48576846718788147,
        0.17339183390140533,
        0.8567171096801758,
        1.1281254291534424
      ],
      [
        2.964377898706516e-08,
        -3.975099360786771e-09,
        -1.967396201507654e-08,
        0.9999999403953552
      ]
    ],
    [
      [
        0.872283935546875,
        -8.934692985462789e-10,
        0.4889998435974121,
        2.8288368980611267e-08
      ],
      [
        0.07807187736034393,
        0.9871727228164673,
        -0.13926556706428528,
        -2.9802322387695312e-08
      ],
      [
        -0.4827272593975067,
        0.15965624153614044,
        0.8610947728157043,
        1.1306836605072021
      ],
      [
        -3.2204123812107355e-09,
        -4.951052900992181e-10,
        -7.672404933600774e-10,
        1.0
      ]
    ],
    [
      [
        0.8753905296325684,
        5.1832858005695925e-09,
        0.48341643810272217,
        1.8813921087712515e-08
      ],
      [
        0.07089874148368835,
        0.9891866445541382,
        -0.12838637828826904,
        4.886379301183297e-09
      ],
      [
        -0.478189080953598,
        0.14666183292865753,
        0.865924596786499,
        1.1332416534423828
      ],
      [
        2.5854438590044992e-08,
        -6.258621176868928e-09,
        -4.757337990213273e-08,
        0.9999999403953552
      ]
    ],
    [
      [
        0.8791458010673523,
        2.3715571728644136e-09,
        0.4765527546405792,
        -4.4511239138955716e-08
      ],
      [
        0.06405016034841537,
        0.9909267425537109,
        -0.11815990507602692,
        1.4901161193847656e-08
      ],
      [
        -0.47222888469696045,
        0.1344030648469925,
        0.8711690306663513,
        1.1357996463775635
      ],
      [
        -3.109896340447449e-09,
        3.7620155879380945e-09,
        -2.679405852745731e-08,
        1.0
      ]
    ],
    [
      [
        0.8834788799285889,
        5.982019324335397e-09,
        0.4684710204601288,
        4.0572714965492196e-08
      ],
      [
        0.05756257474422455,
        0.992422342300415,
        -0.10855596512556076,
        -1.4901161193847656e-08
      ],
      [
        -0.46492108702659607,
        0.12287329882383347,
        0.8767842650413513,
        1.1383579969406128
      ],
      [
        -2.0247270526851935e-09,
        -3.440625562234345e-11,
        8.824926567285729e-09,
        1.0
      ]
    ],
    [
      [
        0.88831627368927,
        1.1716713821385838e-08,
        0.4592321515083313,
        -4.166530231941579e-08
      ],
      [
        0.05146379396319389,
        0.9937008023262024,
        -0.0995490625500679,
        -2.9802322387695312e-08
      ],
      [
        -0.45633938908576965,
        0.11206488311290741,
        0.8827207684516907,
        1.140916109085083
      ],
      [
        -8.191118894274041e-10,
        -1.3884458027746405e-09,
        1.9442563115035227e-08,
        1.0
      ]
    ],
    [
      [
        0.8935831785202026,
        -1.9099803960642703e-09,
        0.4488976001739502,
        -1.6632530019933256e-08
      ],
      [
        0.04577380791306496,
        0.9947875142097473,
        -0.09111810475587845,
        7.450580596923828e-09
      ],
      [
        -0.44655776023864746,
        0.10196936875581741,
        0.888925313949585,
        1.1434739828109741
      ],
      [
        -1.2463132748052885e-08,
        -6.589995216188527e-10,
        5.986620976727863e-09,
        1.0
      ]
    ],
    [
      [
        0.8992040753364563,
        1.0631961977480842e-09,
        0.4375295341014862,
        6.27911731498898e-08
      ],
      [
        0.040505439043045044,
        0.9957054257392883,
        -0.08324617147445679,
        -7.450580596923828e-09
      ],
      [
        -0.4356505572795868,
        0.09257762879133224,
        0.8953424692153931,
        1.1460323333740234
      ],
      [
        -1.6870160379767185e-08,
        4.369425710137875e-09,
        2.2714857550454326e-08,
        1.0
      ]
    ],
    [
      [
        0.9051036834716797,
        4.0604142270694865e-09,
        0.42519089579582214,
        5.496666943827222e-08
      ],
      [
        0.035664938390254974,
        0.996475875377655,
        -0.07591994851827621,
        0.0
      ],
      [
        -0.4236924350261688,
        0.08387983590364456,
        0.9019140601158142,
        1.148590326309204
      ],
      [
        4.0325076611225086e-11,
        3.838489082141905e-09,
        2.2187531811823646e-08,
        1.0
      ]
    ],
    [
      [
        0.9112079739570618,
        5.129287217187084e-09,
        0.41194650530815125,
        -1.0326672850169416e-08
      ],
      [
        0.031252600252628326,
        0.9971179962158203,
        -0.06912941485643387,
        2.2301032132077125e-09
      ],
      [
        -0.4107592701911926,
        0.07586567848920822,
        0.9085819125175476,
        1.1511483192443848
      ],
      [
        2.060379955537428e-08,
        -3.9353595937541286e-09,
        -2.234805407397289e-08,
        0.9999999403953552
      ]
    ],
    [
      [
        0.9174447059631348,
        1.8469519247332755e-09,
        0.3978634774684906,
        5.643735789817583e-08
      ],
      [
        0.027263354510068893,
        0.9976493716239929,
        -0.06286735087633133,
        0.0
      ],
      [
        -0.3969282805919647,
        0.06852441281080246,
        0.9152882099151611,
        1.1537067890167236
      ],
      [
        -2.5187697261230824e-08,
        4.611207859994693e-09,
        1.2919699088342895e-08,
        1.0
      ]
    ],
    [
      [
        0.9237439632415771,
        4.849867174527844e-10,
        0.3830108046531677,
        4.2300619895740965e-08
      ],
      [
        0.023687249049544334,
        0.9980857372283936,
        -0.05712880939245224,
        0.0
      ],
      [
        -0.38227763772010803,
        0.06184486299753189,
        0.9219756126403809,
        1.1562646627426147
      ],
      [
        -1.4375112655784505e-08,
        2.2417134815100326e-10,
        3.2501787927685655e-08,
        1.0
      ]
    ],
    [
      [
        0.9300391674041748,
        5.594149588006303e-10,
        0.3674604594707489,
        -3.5915029172883806e-08
      ],
      [
        0.020510025322437286,
        0.9984410405158997,
        -0.05191069468855858,
        7.450580596923828e-09
      ],
      [
        -0.366887629032135,
        0.055815599858760834,
        0.928589403629303,
        1.158822774887085
      ],
      [
        6.8856635948577605e-09,
        1.4776686541040362e-09,
        -2.7562165882955014e-09,
        1.0
      ]
    ],
    [
      [
        0.9362678527832031,
        1.6753268772262686e-09,
        0.351286917924881,
        5.457010132658979e-08
      ],
      [
        0.01771361008286476,
        0.9987278580665588,
        -0.04721121862530708,
        -1.1175870895385742e-08
      ],
      [
        -0.3508400619029999,
        0.050424907356500626,
        0.9350768327713013,
        1.1613810062408447
      ],
      [
        -6.9264007862557264e-09,
        1.3437939649918462e-10,
        1.1026308754935599e-08,
        1.0
      ]
    ],
    [
      [
        0.9423717260360718,
        2.0959562974098844e-09,
        0.3345675766468048,
        -2.6439295197633328e-09
      ],
      [
        0.015276635996997356,
        0.9989570379257202,
        -0.043029483407735825,
        3.725290298461914e-09
      ],
      [
        -0.3342186212539673,
        0.0456608384847641,
        0.9413888454437256,
        1.1639389991760254
      ],
      [
        8.455579347810271e-09,
        5.318385731811759e-10,
        -1.2176130326224666e-08,
        1.0
      ]
    ],
    [
      [
        0.9482975006103516,
        -4.805627007442581e-10,
        0.3173825442790985,
        5.4688712225470226e-08
      ],
      [
        0.013174962252378464,
        0.9991380572319031,
        -0.03936506807804108,
        0.0
      ],
      [
        -0.31710895895957947,
        0.041511308401823044,
        0.9474802613258362,
        1.1664972305297852
      ],
      [
        -7.675510005356045e-09,
        5.225970767241961e-10,
        4.216042270854814e-08,
        1.0
      ]
    ],
    [
      [
        0.9539974331855774,
        1.0724063859157695e-09,
        0.2998146414756775,
        -1.4290144179085473e-08
      ],
      [
        0.011382187716662884,
        0.9992790222167969,
        -0.036217644810676575,
        3.725290298461914e-09
      ],
      [
        -0.2995985150337219,
        0.03796408325433731,
        0.9533098340034485,
        1.1690552234649658
      ],
      [
        2.77061573683568e-09,
        5.150102566631176e-12,
        -4.337080028449236e-08,
        1.0
      ]
    ],
    [
      [
        0.9594293832778931,
        -3.8206593444556347e-10,
        0.2819491922855377,
        6.338268576655537e-09
      ],
      [
        0.009870143607258797,
        0.9993870854377747,
        -0.03358657285571098,
        5.00442887130248e-09
      ],
      [
        -0.2817763388156891,
        0.0350068174302578,
        0.9588412046432495,
        1.1716132164001465
      ],
      [
        4.8629047455506225e-09,
        -5.848503903393976e-10,
        -5.404726266533544e-08,
        0.9999999403953552
      ]
    ],
    [
      [
        0.9645571708679199,
        -8.402419870989775e-10,
        0.2638739049434662,
        -2.4128212317009456e-08
      ],
      [
        0.008609439246356487,
        0.9994675517082214,
        -0.03147069737315178,
        0.0
      ],
      [
        -0.263733446598053,
        0.03262708708643913,
        0.9640436768531799,
        1.1741714477539062
      ],
      [
        -2.373791829768379e-08,
        1.561977658326441e-09,
        5.9083099301915354e-08,
        1.0
      ]
    ],
    [
      [
        0.9693512916564941,
        1.3996537262528363e-10,
        0.2456786334514618,
        3.17680104444662e-08
      ],
      [
        0.007569946814328432,
        0.9995250701904297,
        -0.02986803650856018,
        1.5631267391569281e-09
      ],
      [
        -0.24556194245815277,
        0.030812397599220276,
        0.968890905380249,
        1.176729440689087
      ],
      [
        5.224386256941216e-09,
        -1.2355272360764502e-09,
        -4.721312052424764e-08,
        0.9999999403953552
      ]
    ],
    [
      [
        0.9737886190414429,
        -1.394453885694702e-09,
        0.22745506465435028,
        -2.03433359047267e-08
      ],
      [
        0.0067213475704193115,
        0.9995632767677307,
        -0.028775665909051895,
        5.372557509986109e-09
      ],
      [
        -0.2273557186126709,
        0.029550209641456604,
        0.9733631610870361,
        1.1792874336242676
      ],
      [
        1.217463818647957e-08,
        -1.8043007088408558e-09,
        -5.0865054390669684e-08,
        0.9999999403953552
      ]
    ],
    [
      [
        0.9778521656990051,
        1.1751488671052357e-11,
        0.2092963010072708,
        -8.13031419966137e-10
      ],
      [
        0.006033584475517273,
        0.9995843768119812,
        -0.028189480304718018,
        0.0
      ],
      [
        -0.20920933783054352,
        0.02882794849574566,
        0.9774459004402161,
        1.181845784187317
      ],
      [
        1.2795897674777734e-09,
        -1.238033453532239e-09,
        5.953062043317914e-09,
        1.0
      ]
    ],
    [
      [
        0.9815322756767273,
        -2.3110324764985535e-10,
        0.19129681587219238,
        -2.331585946535597e-08
      ],
      [
        0.005477398633956909,
        0.9995899200439453,
        -0.02810419723391533,
        3.725290298461914e-09
      ],
      [
        -0.19121837615966797,
        0.028632987290620804,
        0.9811297655105591,
        1.1844037771224976
      ],
      [
        -2.2897097551322076e-09,
        -2.822171385474803e-10,
        -2.4807391696413106e-09,
        1.0
      ]
    ],
    [
      [
        0.9848247766494751,
        1.3599722459289865e-09,
        0.1735517978668213,
        6.2103779896460765e-09
      ],
      [
        0.005024792160838842,
        0.9995807409286499,
        -0.028513329103589058,
        3.725290298461914e-09
      ],
      [
        -0.17347903549671173,
        0.028952699154615402,
        0.9844118356704712,
        1.1869618892669678
      ],
      [
        -1.1863923177202196e-09,
        4.521452101613477e-10,
        -1.5788437224273366e-08,
        1.0
      ]
    ],
    [
      [
        0.9877322912216187,
        7.509658450643997e-10,
        0.15615706145763397,
        3.755420507900453e-08
      ],
      [
        0.004649486392736435,
        0.9995566606521606,
        -0.029409151524305344,
        1.6133199221002315e-09
      ],
      [
        -0.15608783066272736,
        0.029774418100714684,
        0.9872942566871643,
        1.1895201206207275
      ],
      [
        8.453174160649723e-09,
        -5.672524672206691e-10,
        -1.1465786542430578e-08,
        0.9999999403953552
      ]
    ],
    [
      [
        0.9902631044387817,
        1.9198631573402736e-10,
        0.13920870423316956,
        -5.022698701395711e-09
      ],
      [
        0.004327365662902594,
        0.9995166063308716,
        -0.03078277036547661,
        3.725290298461914e-09
      ],
      [
        -0.13914144039154053,
        0.03108545020222664,
        0.9897844195365906,
        1.1920781135559082
      ],
      [
        4.876874015735666e-09,
        -1.0391192351022482e-09,
        -1.7454762968327486e-08,
        1.0
      ]
    ],
    [
      [
        0.992431104183197,
        3.695959094329737e-10,
        0.12280278652906418,
        -1.1206793715246022e-08
      ],
      [
        0.0040369099006056786,
        0.9994595050811768,
        -0.032624296844005585,
        0.0
      ],
      [
        -0.12273641675710678,
        0.03287311643362045,
        0.9918946623802185,
        1.1946362257003784
      ],
      [
        1.7080532543900517e-09,
        7.359295395303889e-10,
        -3.7371513883499574e-08,
        1.0
      ]
    ],
    [
      [
        0.9942552447319031,
        -1.7482157388393205e-10,
        0.10703497380018234,
        -1.5763806260338242e-08
      ],
      [
        0.003759566694498062,
        0.9993828535079956,
        -0.034922871738672256,
        7.450580596923828e-09
      ],
      [
        -0.10696893185377121,
        0.035124655812978745,
        0.9936416149139404,
        1.197194218635559
      ],
      [
        -4.639252537685934e-09,
        6.937268537399177e-10,
        -5.81223957851762e-10,
        1.0
      ]
    ],
    [
      [
        0.9957589507102966,
        1.8581480798474104e-10,
        0.09200052917003632,
        -5.922658807833159e-09
      ],
      [
        0.0034801338333636522,
        0.9992842674255371,
        -0.03766689822077751,
        3.725290298461914e-09
      ],
      [
        -0.0919346734881401,
        0.037827327847480774,
        0.9950461983680725,
        1.1997524499893188
      ],
      [
        1.6855326023801354e-09,
        -3.438156426227579e-10,
        -2.7223414633681386e-08,
        1.0
      ]
    ],
    [
      [
        0.9969694018363953,
        -2.1260715410420516e-10,
        0.07779397815465927,
        -1.7717951550366706e-09
      ],
      [
        0.0031870887614786625,
        0.9991603493690491,
        -0.04084416478872299,
        3.725290298461914e-09
      ],
      [
        -0.07772866636514664,
        0.040968313813209534,
        0.996132493019104,
        1.202310562133789
      ],
      [
        2.6156974364255348e-09,
        -1.2603385002307732e-09,
        1.4710430207287573e-08,
        1.0
      ]
    ],
    [
      [
        0.997917115688324,
        -4.3170472752152023e-10,
        0.06450904905796051,
        -9.572859838158365e-09
      ],
      [
        0.0028728980105370283,
        0.9990078210830688,
        -0.04444204643368721,
        3.725290298461914e-09
      ],
      [
        -0.06444504112005234,
        0.044534798711538315,
        0.9969269037246704,
        1.2048686742782593
      ],
      [
        -6.012266240418285e-10,
        -1.1154894785647684e-09,
        -2.2912118424756045e-08,
        1.0
      ]
    ],
    [
      [
        0.9986346364021301,
        -5.444903417028968e-10,
        0.052238572388887405,
        -4.923228935638235e-09
      ],
      [
        0.002534297527745366,
        0.9988225102424622,
        -0.04844766855239868,
        7.450580596923828e-09
      ],
      [
        -0.0521770641207695,
        0.04851390793919563,
        0.9974586963653564,
        1.2074267864227295
      ],
      [
        -3.259290615176269e-10,
        7.779334953994521e-10,
        -2.725157344229956e-08,
        1.0
      ]
    ],
    [
      [
        0.9991560578346252,
        -1.1996975635142348e-10,
        0.0410744845867157,
        -1.763814871935665e-09
      ],
      [
