{
  "intrinsic": [
    [
      1178.67724609375,
      0.0,
      378.0
    ],
    [
      0.0,
      797.1100463867188,
      238.0
    ],
    [
      0.0,
      0.0,
      1.0
    ]
  ],
  "extrinsic": [
    [
      [
        1.0,
        0.0,
        0.0,
        0.0
      ],
      [
        0.0,
        0.9961946606636047,
        -0.08715575188398361,
        -1.2801438131759824e-08
      ],
      [
        0.0,
        0.08715574443340302,
        0.9961946606636047,
        1.0261043310165405
      ],
      [
        0.0,
        -3.1812090739435916e-09,
        -4.866602765218886e-08,
        0.9999999403953552
      ]
    ],
    [
      [
        0.9999518990516663,
        9.859800476075264e-12,
        -0.009817318990826607,
        1.0317133813941837e-09
      ],
      [
        -0.0008876359206624329,
        0.9959041476249695,
        -0.09041094779968262,
        7.450580596923828e-09
      ],
      [
        0.009777108207345009,
        0.09041530638933182,
        0.9958560466766357,
        1.0338001251220703
      ],
      [
        -5.86759529852543e-10,
        -3.80541997913042e-09,
        -5.418036153059802e-08,
        1.0
      ]
    ],
    [
      [
        0.9998071789741516,
        -1.1694104018467044e-10,
        -0.019633691757917404,
        -3.97850907774e-09
      ],
      [
        -0.0018391646444797516,
        0.9956029057502747,
        -0.09365585446357727,
        -2.0741930839562883e-08
      ],
      [
        0.0195473600178957,
        0.09367389976978302,
        0.9954109787940979,
        1.0414959192276
      ],
      [
        -4.1762604485739985e-10,
        -5.938244562742057e-09,
        -2.8214689251626623e-08,
        0.9999999403953552
      ]
    ],
    [
      [
        0.999566376209259,
        5.574429806642911e-12,
        -0.02944817580282688,
        3.4443381480286916e-09
      ],
      [
        -0.002854455728083849,
        0.995290994644165,
        -0.09688946604728699,
        0.0
      ],
      [
        0.029309507459402084,
        0.09693150222301483,
        0.9948594570159912,
        1.0491917133331299
      ],
      [
        1.5577612533235197e-09,
        4.213682736065039e-09,
        3.438078977069381e-08,
        1.0
      ]
    ],
    [
      [
        0.9992290139198303,
        -2.021369738258727e-10,
        -0.03925982117652893,
        -1.0883127288252581e-08
      ],
      [
        -0.003933364991098642,
        0.9949684739112854,
        -0.10011082887649536,
        -1.4901161193847656e-08
      ],
      [
        0.03906228393316269,
        0.10018806159496307,
        0.9942015409469604,
        1.0568876266479492
      ],
      [
        -1.4085852484413408e-09,
        1.3175629476336326e-09,
        1.5715187373643857e-08,
        1.0
      ]
    ],
    [
      [
        0.9987955093383789,
        -2.581834745996048e-10,
        -0.04906767979264259,
        -6.508074079647486e-10
      ],
      [
        -0.0050757345743477345,
        0.9946353435516357,
        -0.1033189445734024,
        -1.4049901686519206e-08
      ],
      [
        0.04880444332957268,
        0.10344354808330536,
        0.9934372305870056,
        1.0645833015441895
      ],
      [
        -1.770440682946628e-09,
        -3.2463667309912125e-09,
        -2.6198776481578534e-08,
        0.9999999403953552
      ]
    ],
    [
      [
        0.9982655644416809,
        -9.846212734032633e-11,
        -0.058870796114206314,
        2.813372645960044e-09
      ],
      [
        -0.006281391251832247,
        0.9942914247512817,
        -0.10651285201311111,
        0.0
      ],
      [
        0.05853472277522087,
        0.1066979169845581,
        0.9925668835639954,
        1.0722789764404297
      ],
      [
        -2.5621949006904288e-09,
        -2.9395721412583953e-09,
        6.638614991061331e-09,
        1.0
      ]
    ],
    [
      [
        0.9976395964622498,
        -1.0024675534126004e-09,
        -0.06866827607154846,
        -7.0806613905460836e-09
      ],
      [
        -0.0075501552782952785,
        0.9939369559288025,
        -0.10969162732362747,
        -7.450580596923828e-09
      ],
      [
        0.06825193017721176,
        0.10995116084814072,
        0.9915909171104431,
        1.079974889755249
      ],
      [
        1.085250556087658e-09,
        6.11055339660993e-09,
        2.399304932509949e-08,
        1.0
      ]
    ],
    [
      [
        0.9969173073768616,
        -1.779714153826717e-10,
        -0.07845910638570786,
        -7.243301070047892e-09
      ],
      [
        -0.008881822228431702,
        0.9935718774795532,
        -0.1128542497754097,
        -2.9802322387695312e-08
      ],
      [
        0.0779547467827797,
        0.11320320516824722,
        0.9905089735984802,
        1.0876706838607788
      ],
      [
        -8.661338313231681e-10,
        -3.1463791572150512e-09,
        -1.0198647260040161e-08,
        1.0
      ]
    ],
    [
      [
        0.996099054813385,
        8.284766206401173e-10,
        -0.08824236690998077,
        4.976456580152444e-09
      ],
      [
        -0.010276180692017078,
        0.9931960105895996,
        -0.11599976569414139,
        -1.4901161193847656e-08
      ],
      [
        0.08764196932315826,
        0.11645404994487762,
        0.9893215894699097,
        1.0953664779663086
      ],
      [
        1.649926417712777e-09,
        -4.02269861865534e-09,
        -1.2909964652862982e-08,
        1.0
      ]
    ],
    [
      [
        0.9951847195625305,
        -7.112402888864722e-10,
        -0.09801715612411499,
        -1.6389344992262522e-08
      ],
      [
        -0.011733012273907661,
        0.9928097128868103,
        -0.11912727355957031,
        -2.2828391621487754e-08
      ],
      [
        0.09731237590312958,
        0.11970367282629013,
        0.9880290627479553,
        1.1030622720718384
      ],
      [
        -3.336232623496471e-09,
        -1.437474139720507e-09,
        -6.13412964867166e-08,
        0.9999999403953552
      ]
    ],
    [
      [
        0.9941744804382324,
        5.812781367353637e-10,
        -0.10778246074914932,
        -7.96931232116549e-09
      ],
      [
        -0.013252065517008305,
        0.9924126267433167,
        -0.12223570793867111,
        -1.4901161193847656e-08
      ],
      [
        0.10696467012166977,
        0.12295196950435638,
        0.9866313338279724,
        1.1107579469680786
      ],
      [
        2.3281607752778655e-09,
        3.944442994452402e-09,
        4.226043870403373e-08,
        1.0
      ]
    ],
    [
      [
        0.9930684566497803,
        2.0781500964517363e-09,
        -0.11753738671541214,
        9.855500415767438e-09
      ],
      [
        -0.014833097346127033,
        0.9920049905776978,
        -0.12532420456409454,
        0.0
      ],
      [
        0.11659767478704453,
        0.12619896233081818,
        0.9851287603378296,
        1.118453860282898
      ],
      [
        3.275690385606822e-09,
        -1.440332297875102e-10,
        -1.3670344856109296e-09,
        1.0
      ]
    ],
    [
      [
        0.9918666481971741,
        3.5518112895260856e-09,
        -0.12728099524974823,
        -1.0046168341659723e-09
      ],
      [
        -0.016475839540362358,
        0.9915866255760193,
        -0.1283918023109436,
        0.0
      ],
      [
        0.12621013820171356,
        0.12944459915161133,
        0.9835217595100403,
        1.1261495351791382
      ],
      [
        -1.9616184232518208e-09,
        -7.031701443338534e-09,
        -2.9022054093275074e-08,
        1.0
      ]
    ],
    [
      [
        0.9905692934989929,
        -4.232050265784437e-09,
        -0.13701234757900238,
        2.4274564580650804e-08
      ],
      [
        -0.018180014565587044,
        0.9911577105522156,
        -0.1314375251531601,
        1.4901161193847656e-08
      ],
      [
        0.13580085337162018,
        0.13268889486789703,
        0.981810450553894,
        1.1338452100753784
      ],
      [
        4.560980038093021e-09,
        6.038802347063665e-09,
        -5.2714241860485345e-09,
        1.0
      ]
    ],
    [
      [
        0.9891764521598816,
        -9.846794490897537e-10,
        -0.1467304676771164,
        -9.576208270800635e-09
      ],
      [
        -0.01994532160460949,
        0.9907181262969971,
        -0.1344604641199112,
        0.0
      ],
      [
        0.1453685462474823,
        0.13593171536922455,
        0.9799952507019043,
        1.1415411233901978
      ],
      [
        1.7748291725183662e-09,
        2.3603980991993012e-09,
        2.6203565539617557e-08,
        1.0
      ]
    ],
    [
      [
        0.9876883625984192,
        -1.852812125946457e-09,
        -0.15643446147441864,
        -1.6176503692122424e-08
      ],
      [
        -0.021771471947431564,
        0.9902681112289429,
        -0.1374596655368805,
        0.0
      ],
      [
        0.154912069439888,
        0.13917312026023865,
        0.9780762791633606,
        1.149237036705017
      ],
      [
        2.0653603272080545e-09,
        1.434349528040002e-09,
        2.898548956409286e-09,
        1.0
      ]
    ],
    [
      [
        0.9861049652099609,
        -1.982558339719276e-09,
        -0.16612336039543152,
        -2.7743965347326593e-08
      ],
      [
        -0.02365812286734581,
        0.9898072481155396,
        -0.1404341459274292,
        -1.4901161193847656e-08
      ],
      [
        0.16443012654781342,
        0.14241300523281097,
        0.9760539531707764,
        1.1569328308105469
      ],
      [
        4.014860444101487e-09,
        8.420729891156498e-09,
        2.0015349377899838e-08,
        1.0
      ]
    ],
    [
      [
        0.9844265580177307,
        -6.66275923322246e-11,
        -0.1757963001728058,
        -3.08144691985035e-08
      ],
      [
        -0.025604967027902603,
        0.9893358945846558,
        -0.14338305592536926,
        -4.0022023028996045e-08
      ],
      [
        0.1739215850830078,
        0.14565134048461914,
        0.9739285707473755,
        1.164628505706787
      ],
      [
        -1.7183765521622263e-09,
        -9.561489378029364e-09,
        -3.253725111562744e-08,
        0.9999999403953552
      ]
    ],
    [
      [
        0.9826533198356628,
        -3.12961923043531e-09,
        -0.18545225262641907,
        1.2313535080465954e-08
      ],
      [
        -0.027611644938588142,
        0.9888540506362915,
        -0.14630544185638428,
        0.0
      ],
      [
        0.1833851933479309,
        0.14888818562030792,
        0.9717006087303162,
        1.1723241806030273
      ],
      [
        -2.638330443005543e-09,
        2.644156893438776e-09,
        -3.731349806912476e-08,
        1.0
      ]
    ],
    [
      [
        0.9807853102684021,
        -4.592435765005121e-09,
        -0.19509035348892212,
        -5.188471874362222e-10
      ],
      [
        -0.029677800834178925,
        0.9883614778518677,
        -0.14920037984848022,
        -1.4901161193847656e-08
      ],
      [
        0.1928197741508484,
        0.15212339162826538,
        0.969370424747467,
        1.1800199747085571
      ],
      [
        -1.6143495429332688e-09,
        -4.293593036663879e-09,
        -1.8276058000310513e-08,
        1.0
      ]
    ],
    [
      [
        0.9788227081298828,
        -4.357708860425191e-09,
        -0.20470958948135376,
        -2.404127030786185e-08
      ],
      [
        -0.03180306777358055,
        0.9878584146499634,
        -0.15206694602966309,
        -2.9802322387695312e-08
      ],
      [
        0.20222412049770355,
        0.1553570032119751,
        0.966938316822052,
        1.187716007232666
      ],
      [
        9.859557614788628e-09,
        9.191758465476596e-09,
        2.73167906073013e-08,
        1.0
      ]
    ],
    [
      [
        0.9767658710479736,
        6.515296746556487e-09,
        -0.21430914103984833,
        2.9062277917546453e-08
      ],
      [
        -0.033987049013376236,
        0.9873446822166443,
        -0.15490420162677765,
        1.4901161193847656e-08
      ],
      [
        0.2115969955921173,
        0.15858887135982513,
        0.9644045233726501,
        1.1954114437103271
      ],
      [
        -5.334628738751235e-09,
        -5.811009451406335e-09,
        -5.264094937729169e-09,
        1.0
      ]
    ],
    [
      [
        0.9746148586273193,
        -7.386162792499817e-10,
        -0.22388802468776703,
        3.674196591418877e-08
      ],
      [
        -0.03622935712337494,
        0.9868203401565552,
        -0.15771128237247467,
        0.0
      ],
      [
        0.22093728184700012,
        0.16181910037994385,
        0.9617698192596436,
        1.2031073570251465
      ],
      [
        1.1049351655856299e-08,
        4.182140855846228e-09,
        4.7664229896327015e-08,
        1.0
      ]
    ],
    [
      [
        0.972369909286499,
        3.9097249882047436e-09,
        -0.23344537615776062,
        1.19459553360457e-08
      ],
      [
        -0.03852960094809532,
        0.9862855672836304,
        -0.1604873389005661,
        0.0
      ],
      [
        0.23024380207061768,
        0.16504758596420288,
        0.9590344429016113,
        1.2108029127120972
      ],
      [
        -1.3084147099107213e-09,
        -5.417408743824126e-09,
        3.412225169086014e-09,
        1.0
      ]
    ],
    [
      [
        0.9700312614440918,
        -1.2794618697853366e-09,
        -0.24298018217086792,
        1.4344401222388115e-08
      ],
      [
        -0.04088732600212097,
        0.9857401847839355,
        -0.16323135793209076,
        0.0
      ],
      [
        0.23951533436775208,
        0.16827434301376343,
        0.9561988115310669,
        1.218498945236206
      ],
      [
        -3.773967804931999e-09,
        2.282330768821339e-09,
        4.748109461161221e-09,
        1.0
      ]
    ],
    [
      [
        0.967599093914032,
        -2.2163249013829045e-09,
        -0.2524915635585785,
        3.296782580264335e-08
      ],
      [
        -0.04330211505293846,
        0.9851843118667603,
        -0.16594251990318298,
        0.0
      ],
      [
        0.248750701546669,
        0.17149925231933594,
        0.9532633423805237,
        1.2261947393417358
      ],
      [
        -4.69079886045165e-09,
        -4.5909018808742985e-09,
        3.964508721310267e-09,
        1.0
      ]
    ],
    [
      [
        0.9650737047195435,
        -7.073754026976076e-09,
        -0.2619786560535431,
        -2.044430402747821e-08
      ],
      [
        -0.04577351361513138,
        0.9846177101135254,
        -0.16861990094184875,
        -1.4901161193847656e-08
      ],
      [
        0.2579488158226013,
        0.1747223287820816,
        0.9502286314964294,
        1.2338905334472656
      ],
      [
        5.274056746884526e-09,
        -7.268094570633821e-09,
        -3.256797143080803e-08,
        1.0
      ]
    ],
    [
      [
        0.9624552130699158,
        -4.932733332907446e-09,
        -0.2714404761791229,
        -4.37552500898164e-08
      ],
      [
        -0.04830107465386391,
        0.9840406179428101,
        -0.1712627112865448,
        -2.9802322387695312e-08
      ],
      [
        0.2671085000038147,
        0.17794355750083923,
        0.9470952749252319,
        1.241586446762085
      ],
      [
        1.2261512694067278e-08,
        6.439121236212486e-09,
        -6.770761729057995e-11,
        1.0
      ]
    ],
    [
      [
        0.9597440361976624,
        -1.3033869095124828e-08,
        -0.28087615966796875,
        -4.076697024402165e-08
      ],
      [
        -0.05088432505726814,
        0.9834531545639038,
        -0.17386998236179352,
        -2.9802322387695312e-08
      ],
      [
        0.27622851729393005,
        0.18116287887096405,
        0.9438633322715759,
        1.2492821216583252
      ],
      [
        -1.217658862628923e-09,
        -5.104873856964787e-09,
        -3.202014298153699e-08,
        1.0
      ]
    ],
    [
      [
        0.9569403529167175,
        -1.183293019124676e-09,
        -0.290284663438797,
        -3.3015194134122794e-08
      ],
      [
        -0.0535227507352829,
        0.9828550219535828,
        -0.17644087970256805,
        -4.470348358154297e-08
      ],
      [
        0.28530770540237427,
        0.18438021838665009,
        0.9405335187911987,
        1.256977915763855
      ],
      [
        9.083578333957121e-10,
        -2.90964408122818e-09,
        1.049966158461757e-08,
        1.0
      ]
    ],
    [
      [
        0.9540444016456604,
        2.931199727385092e-09,
        -0.29966527223587036,
        4.817909626808614e-08
      ],
      [
        -0.05621588975191116,
        0.9822463393211365,
        -0.17897453904151917,
        0.0
      ],
      [
        0.2943451404571533,
        0.18759559094905853,
        0.9371066093444824,
        1.2646734714508057
      ],
      [
        1.032239538290014e-08,
        -6.599787383265721e-10,
        2.30352839025727e-08,
        1.0
      ]
    ],
    [
      [
        0.9510564804077148,
        1.1275975708713304e-09,
        -0.3090169429779053,
        4.349150373172961e-08
      ],
      [
        -0.058963216841220856,
        0.9816271662712097,
        -0.18147012591362,
        2.9802322387695312e-08
      ],
      [
        0.3033394515514374,
        0.1908089816570282,
        0.9335827827453613,
        1.2723692655563354
      ],
      [
        -2.1670398808737446e-09,
        -5.603068231607722e-09,
        -3.6251350366001134e-08,
        1.0
      ]
    ],
    [
      [
        0.9479770064353943,
        4.6456216651336035e-09,
        -0.31833893060684204,
        9.072460471770682e-08
      ],
      [
        -0.06176421791315079,
        0.9809975028038025,
        -0.1839267760515213,
        2.9802322387695312e-08
      ],
      [
        0.31228965520858765,
        0.1940203160047531,
        0.9299629330635071,
        1.2800649404525757
      ],
      [
        -1.2151641470836694e-08,
        3.720960428665876e-09,
        -1.6039638950360313e-08,
        1.0
      ]
    ],
    [
      [
        0.9448060393333435,
        1.0065530631209185e-08,
        -0.3276301622390747,
        3.429245865049779e-08
      ],
      [
        -0.06461837142705917,
        0.98035728931427,
        -0.186343714594841,
        0.0
      ],
      [
        0.3211946487426758,
        0.19722957909107208,
        0.9262474775314331,
        1.287760853767395
      ],
      [
        1.1462361726444215e-08,
        -1.1830962876047124e-09,
        -1.2114355740777683e-08,
        1.0
      ]
    ],
    [
      [
        0.9415440559387207,
        9.94538673637635e-10,
        -0.3368898034095764,
        6.516793149557998e-08
      ],
      [
        -0.06752510368824005,
        0.9797066450119019,
        -0.18872001767158508,
        -2.9802322387695312e-08
      ],
      [
        0.3300531804561615,
        0.2004367560148239,
        0.9224368929862976,
        1.2954567670822144
      ],
      [
        -8.342466273347782e-09,
        2.658432585178616e-09,
        -8.315279131920761e-09,
        1.0
      ]
    ],
    [
      [
        0.9381913542747498,
        8.933749739981067e-09,
        -0.3461170196533203,
        1.0298855102064408e-07
      ],
      [
        -0.07048386335372925,
        0.9790453910827637,
        -0.19105488061904907,
        5.960464477539063e-08
      ],
      [
        0.338864266872406,
        0.20364171266555786,
        0.9185318350791931,
        1.303152322769165
      ],
      [
        4.449603352441045e-09,
        1.0672209782569553e-09,
        -1.2077165933987999e-08,
        1.0
      ]
    ],
    [
      [
        0.9347481727600098,
        1.5133752029328207e-09,
        -0.35531085729599,
        -1.587076070563853e-08
      ],
      [
        -0.07349412143230438,
        0.9783738851547241,
        -0.19334760308265686,
        2.9802322387695312e-08
      ],
      [
        0.34762686491012573,
        0.20684458315372467,
        0.9145331382751465,
        1.310848355293274
      ],
      [
        1.7546884834018783e-08,
        -7.089981934882417e-10,
        1.5491224303332274e-08,
        1.0
      ]
    ],
    [
      [
        0.9312149286270142,
        7.189418838038364e-09,
        -0.3644704818725586,
        2.917287744708119e-08
      ],
      [
        -0.0765552744269371,
        0.9776915907859802,
        -0.19559720158576965,
        0.0
      ],
      [
        0.35633978247642517,
        0.21004515886306763,
        0.9104411005973816,
        1.3185440301895142
      ],
      [
        8.356559888511583e-09,
        -1.5797532171291095e-09,
        2.1143723216709986e-08,
        1.0
      ]
    ],
    [
      [
        0.9275919198989868,
        1.4756853516928459e-09,
        -0.3735949695110321,
        -1.8867883255779816e-08
      ],
      [
        -0.07966671139001846,
        0.976999044418335,
        -0.19780299067497253,
        -2.9802322387695312e-08
      ],
      [
        0.365001916885376,
        0.2132435441017151,
        0.9062564373016357,
        1.3262399435043335
      ],
      [
        7.689379799558083e-09,
        2.4150637045750045e-09,
        3.4708023122220766e-09,
        1.0
      ]
    ],
    [
      [
        0.9238795042037964,
        -1.2211732069999925e-08,
        -0.3826834559440613,
        -1.0447965337334608e-07
      ],
      [
        -0.0828278586268425,
        0.9762959480285645,
        -0.19996413588523865,
        -5.960464477539063e-08
      ],
      [
        0.37361231446266174,
        0.2164396196603775,
        0.9019799828529358,
        1.3339357376098633
      ],
      [
        5.858673546299542e-10,
        7.604425533713766e-09,
        4.1707600928475586e-08,
        1.0
      ]
    ],
    [
      [
        0.9200780391693115,
        6.562122401021497e-09,
        -0.3917349576950073,
        7.155912840062228e-08
      ],
      [
        -0.08603808283805847,
        0.9755825400352478,
        -0.20207984745502472,
        2.9802322387695312e-08
      ],
      [
        0.38216978311538696,
        0.21963338553905487,
        0.8976119756698608,
        1.3416314125061035
      ],
      [
        2.657927211657807e-10,
        7.4289463469767725e-09,
        -2.957492029054265e-09,
        1.0
      ]
    ],
    [
      [
        0.9161879420280457,
        -7.621640207844393e-09,
        -0.4007488191127777,
        -2.453139558156181e-08
      ],
      [
        -0.08929676562547684,
        0.9748584628105164,
        -0.20414938032627106,
        -2.9802322387695312e-08
      ],
      [
        0.3906733989715576,
        0.2228247970342636,
        0.8931536674499512,
        1.3493273258209229
      ],
      [
        -2.7884965447810828e-09,
        -1.9760646452482433e-09,
        1.4098588962951908e-09,
        1.0
      ]
    ],
    [
      [
        0.9122095704078674,
        -3.604261777923057e-09,
        -0.40972405672073364,
        1.037970775996655e-08
      ],
      [
        -0.09260329604148865,
        0.9741241335868835,
        -0.20617195963859558,
        0.0
      ],
      [
        0.39912208914756775,
        0.22601380944252014,
        0.8886053562164307,
        1.357023000717163
      ],
      [
        4.039749867956743e-09,
        -2.6462050328746045e-09,
        3.507622636789165e-09,
        1.0
      ]
    ],
    [
      [
        0.908143162727356,
        -1.4386269953092778e-10,
        -0.4186597764492035,
        2.5052926844182366e-08
      ],
      [
        -0.09595698863267899,
        0.9733792543411255,
        -0.20814678072929382,
        -2.9802322387695312e-08
      ],
      [
        0.4075147211551666,
        0.22920039296150208,
        0.8839677572250366,
        1.3647189140319824
      ],
      [
        -1.4007561333073681e-08,
        -8.029651610286237e-09,
        -5.339728659237153e-09,
        1.0
      ]
    ],
    [
      [
        0.9039892554283142,
        3.2091076462847923e-09,
        -0.42755505442619324,
        -3.5321363611728884e-09
      ],
      [
        -0.09935717284679413,
        0.9726239442825317,
        -0.21007311344146729,
        0.0
      ],
      [
        0.41585034132003784,
        0.23238451778888702,
        0.8792417049407959,
        1.3724145889282227
      ],
      [
        1.4948859927699232e-08,
        3.6593075236623918e-09,
        2.3110857227948145e-08,
        1.0
      ]
    ],
    [
      [
        0.8997482657432556,
        -6.8371015515822364e-09,
        -0.43640923500061035,
        -7.810021429577318e-08
      ],
      [
        -0.10280326008796692,
        0.9718582630157471,
        -0.21195028722286224,
        -7.954366765261511e-08
      ],
      [
        0.4241279065608978,
        0.2355661690235138,
        0.8744277954101562,
        1.380110502243042
      ],
      [
        -1.2932646953345284e-08,
        -5.451658680044602e-09,
        -3.513514457154088e-08,
        0.9999999403953552
      ]
    ],
    [
      [
        0.8954205513000488,
        8.988680022525841e-09,
        -0.44522133469581604,
        -4.69095482458215e-08
      ],
      [
        -0.10629449784755707,
        0.9710821509361267,
        -0.21377745270729065,
        -2.9802322387695312e-08
      ],
      [
        0.43234652280807495,
        0.2387452870607376,
        0.8695269823074341,
        1.3878061771392822
      ],
      [
        1.5566186561954964e-08,
        2.9911397803061845e-09,
        4.747761295220698e-09,
        1.0
      ]
    ],
    [
      [
        0.8910065293312073,
        1.4167351736205092e-08,
        -0.45399051904678345,
        -2.5345638476892418e-08
      ],
      [
        -0.10983023047447205,
        0.9702956676483154,
        -0.21555396914482117,
        0.0
      ],
      [
        0.4405050277709961,
        0.24192185699939728,
        0.8645398020744324,
        1.395501971244812
      ],
      [
        9.731593308970332e-11,
        -1.7082442127502873e-09,
        -1.0815313089551637e-08,
        1.0
      ]
    ],
    [
      [
        0.8865066170692444,
        1.3035874601996511e-08,
        -0.46271589398384094,
        -4.3259575477350154e-08
      ],
      [
        -0.11340976506471634,
        0.969498872756958,
        -0.2172791063785553,
        -2.9802322387695312e-08
      ],
      [
        0.4486025273799896,
        0.2450958788394928,
        0.859467089176178,
        1.4031977653503418
      ],
      [
        -3.8143070923979394e-09,
        2.222691364295315e-09,
        3.36763150698971e-09,
        1.0
      ]
    ],
    [
      [
        0.8819212913513184,
        1.7031542398626698e-08,
        -0.47139665484428406,
        1.16954311124573e-07
      ],
      [
        -0.11703234165906906,
        0.9686915278434753,
        -0.21895213425159454,
        2.9802322387695312e-08
      ],
      [
        0.456637978553772,
        0.24826720356941223,
        0.8543096780776978,
        1.410893440246582
      ],
      [
        1.8226273823529482e-09,
        -1.723492459859699e-09,
        1.4541001291945577e-08,
        1.0
      ]
    ],
    [
      [
        0.8772509098052979,
        -6.992536327743437e-09,
        -0.48003217577934265,
        -7.297921911231242e-08
      ],
      [
        -0.12069732695817947,
        0.9678739309310913,
        -0.22057241201400757,
        -2.9802322387695312e-08
      ],
      [
        0.46461060643196106,
        0.2514359652996063,
        0.8490683436393738,
        1.418589472770691
      ],
      [
        8.84367246101192e-09,
        1.2815787542308499e-08,
        1.4303207507282423e-08,
        1.0
      ]
    ],
    [
      [
        0.8724960088729858,
        5.970409944211497e-09,
        -0.48862120509147644,
        5.7591194035921944e-09
      ],
      [
        -0.12440390884876251,
        0.9670459628105164,
        -0.2221391797065735,
        -2.238211216365471e-08
      ],
      [
        0.4725191295146942,
        0.25460192561149597,
        0.843743622303009,
        1.4262850284576416
      ],
      [
        -5.923007861952101e-09,
        -6.858636325546286e-09,
        -3.286094951704399e-08,
        0.9999999403953552
      ]
    ],
    [
      [
        0.867656946182251,
        -2.4728986858235658e-08,
        -0.4971632957458496,
        -8.853601229930064e-08
      ],
      [
        -0.12815138697624207,
        0.9662075042724609,
        -0.22365179657936096,
        -2.9802322387695312e-08
      ],
      [
        0.4803628623485565,
        0.2577652335166931,
        0.8383367657661438,
        1.433980941772461
      ],
      [
        -3.6932945590706368e-09,
        1.5083827520356863e-09,
        -6.043975986358419e-09,
        1.0
      ]
    ],
    [
      [
        0.8627344369888306,
        2.4729821745950176e-08,
        -0.5056573748588562,
        2.8618387659662403e-09
      ],
      [
        -0.13193902373313904,
        0.9653589129447937,
        -0.22510962188243866,
        2.9802322387695312e-08
      ],
      [
        0.4881407916545868,
        0.2609257400035858,
        0.8328482508659363,
        1.4416766166687012
      ],
      [
        -6.3170215724994705e-09,
        3.5473721737844244e-09,
        -1.2781566027797453e-08,
        1.0
      ]
    ],
    [
      [
        0.8577286005020142,
        9.673298606571734e-09,
        -0.5141027569770813,
        -1.1128449273201113e-08
      ],
      [
        -0.13576605916023254,
        0.964499831199646,
        -0.22651198506355286,
        -5.960464477539063e-08
      ],
      [
        0.4958520531654358,
        0.26408347487449646,
        0.8272791504859924,
        1.4493725299835205
      ],
      [
        -4.233559280919508e-09,
        3.3176039693216808e-09,
        1.7183307221557698e-08,
        1.0
      ]
    ],
    [
      [
        0.8526401519775391,
        -4.8307242650480475e-09,
        -0.5224985480308533,
        -1.9161404907208635e-08
      ],
      [
        -0.13963165879249573,
        0.9636303782463074,
        -0.22785817086696625,
        -2.9802322387695312e-08
      ],
      [
        0.5034955739974976,
        0.2672383785247803,
        0.82163006067276,
        1.4570682048797607
      ],
      [
        1.8977360127792053e-08,
        1.4876178511258331e-08,
        1.401831895009309e-08,
        1.0
      ]
    ],
    [
      [
        0.8474695682525635,
        3.1679991963073917e-09,
        -0.53084397315979,
        -1.4758643374079838e-07
      ],
      [
        -0.14353513717651367,
        0.9627507925033569,
        -0.22914764285087585,
        -5.960464477539063e-08
      ],
      [
        0.5110704302787781,
        0.27039042115211487,
        0.8159018754959106,
        1.4647639989852905
      ],
      [
        1.604897903462188e-08,
        1.3895128603280682e-08,
        8.753744396017282e-10,
        1.0
      ]
    ],
    [
      [
        0.842217206954956,
        9.040284965067258e-09,
        -0.5391383767127991,
        -8.851702659740113e-08
      ],
      [
        -0.14747567474842072,
        0.9618607759475708,
        -0.23037973046302795,
        -2.9802322387695312e-08
      ],
      [
        0.5185759663581848,
        0.2735395133495331,
        0.8100956678390503,
        1.4724597930908203
      ],
      [
        -1.954192185849024e-08,
        -8.562704323367143e-09,
        -5.964508886791009e-09,
        1.0
      ]
    ],
    [
      [
        0.8368837237358093,
        -1.917847924914895e-08,
        -0.5473806858062744,
        -5.1382187393755885e-08
      ],
      [
        -0.1514524221420288,
        0.9609604477882385,
        -0.2315538078546524,
        5.960464477539063e-08
      ],
      [
        0.5260111093521118,
        0.27668577432632446,
        0.8042120933532715,
        1.4801554679870605
      ],
      [
        -9.661519584369671e-09,
        4.48089565452392e-10,
        -6.405741714843316e-09,
        1.0
      ]
    ],
    [
      [
        0.8314695358276367,
        4.305782397295843e-10,
        -0.5555702447891235,
        -9.277621870751318e-08
      ],
      [
        -0.15546467900276184,
        0.9600498080253601,
        -0.23266932368278503,
        -2.9802322387695312e-08
      ],
      [
        0.5333751440048218,
        0.2798289954662323,
        0.798252284526825,
        1.4878513813018799
      ],
      [
        1.169401997458408e-08,
        5.331612484837933e-09,
        7.20545401122763e-09,
        1.0
      ]
    ],
    [
      [
        0.8259753584861755,
        1.5387357166218862e-08,
        -0.5637062191963196,
        5.220051946253079e-08
      ],
      [
        -0.1595115214586258,
        0.9591289758682251,
        -0.23372560739517212,
        0.0
      ],
      [
        0.5406668782234192,
        0.28296923637390137,
        0.7922167181968689,
        1.4955470561981201
      ],
      [
        -2.173974777974763e-08,
        -7.798306000950106e-09,
        -1.9954345731321155e-08,
        1.0
      ]
    ],
    [
      [
        0.8204014301300049,
        -5.130523117458097e-09,
        -0.57178795337677,
        -3.0149884366892366e-08
      ],
      [
        -0.16359224915504456,
        0.958197832107544,
        -0.23472218215465546,
        -3.574128371042207e-08
      ],
      [
        0.5478860139846802,
        0.2861064672470093,
        0.7861068844795227,
        1.50324285030365
      ],
      [
        0.0,
        -1.1975330949098861e-08,
        -2.6412791953589476e-09,
        0.9999999403953552
      ]
    ],
    [
      [
        0.8147484660148621,
        -1.1793687137995335e-09,
        -0.5798145532608032,
        7.93823531353155e-08
      ],
      [
        -0.1677059829235077,
        0.9572563767433167,
        -0.23565834760665894,
        -2.0251230026246958e-08
      ],
      [
        0.5550312995910645,
        0.28924059867858887,
        0.779923141002655,
        1.5109386444091797
      ],
      [
        0.0,
        -4.633136541087879e-09,
        3.876080256759451e-08,
        1.0
      ]
    ],
    [
      [
        0.80901700258255,
        2.2987165504417817e-09,
        -0.5877851843833923,
        8.675691276494035e-08
      ],
      [
        -0.17185181379318237,
        0.9563047885894775,
        -0.23653365671634674,
        -5.449535223078783e-08
      ],
      [
        0.5621017813682556,
        0.2923716902732849,
        0.7736667990684509,
        1.518634557723999
      ],
      [
        0.0,
        -1.475489241897776e-08,
        1.4963784877863873e-08,
        1.0
      ]
    ],
    [
      [
        0.8032075762748718,
        -1.58920574477861e-08,
        -0.5956993699073792,
        -2.0757244811875353e-09
      ],
      [
        -0.17602890729904175,
        0.9553428888320923,
        -0.2373475283384323,
        -2.5281323701165093e-08
      ],
      [
        0.5690969824790955,
        0.29549962282180786,
        0.7673385739326477,
        1.5263302326202393
      ],
      [
        0.0,
        -2.2883277495111543e-09,
        8.320917288529017e-10,
        1.0
      ]
    ],
    [
      [
        0.7973207235336304,
        1.0946145323487144e-08,
        -0.6035559177398682,
        -5.704080763280217e-08
      ],
      [
        -0.18023651838302612,
        0.9543706774711609,
        -0.23809939622879028,
        4.3450016917745415e-09
      ],
      [
        0.5760161280632019,
        0.2986244261264801,
        0.7609395980834961,
        1.534026026725769
      ],
      [
        0.0,
        2.262468790092953e-08,
        3.599944875531946e-08,
        1.0
      ]
    ],
    [
      [
        0.7913569808006287,
        2.5885773524692013e-09,
        -0.6113544702529907,
        1.1657951937138478e-08
      ],
      [
        -0.1844736933708191,
        0.9533883929252625,
        -0.23878879845142365,
        -5.424087490268903e-08
      ],
      [
        0.5828582048416138,
        0.3017459511756897,
        0.7544705271720886,
        1.5417219400405884
      ],
      [
        0.0,
        -1.1075997008447303e-08,
        5.0599226142367115e-08,
        1.0
      ]
    ],
    [
      [
        0.7853168845176697,
        3.814226268161747e-09,
        -0.6190938949584961,
        -8.776426696499584e-09
      ],
      [
        -0.18873965740203857,
        0.9523957967758179,
        -0.23941504955291748,
        5.1089621422306664e-08
      ],
      [
        0.5896224975585938,
        0.3048642873764038,
        0.747932493686676,
        1.549417495727539
      ],
      [
        0.0,
        8.514803084835876e-09,
        2.2425581391871674e-08,
        1.0
      ]
    ],
    [
      [
        0.7792012095451355,
        -1.4009882143284358e-08,
        -0.6267738342285156,
        -3.5955341814997155e-08
      ],
      [
        -0.1930333971977234,
        0.9513930082321167,
        -0.2399778962135315,
        -1.7618873471292318e-08
      ],
      [
        0.5963082909584045,
        0.30797937512397766,
        0.741326630115509,
        1.5571134090423584
      ],
      [
        0.0,
        -4.1738790201861775e-09,
        -1.2065619614531897e-09,
        1.0
      ]
    ],
    [
      [
        0.7730104923248291,
        -6.969792742950176e-09,
        -0.6343932747840881,
        3.2560778517876088e-09
      ],
      [
        -0.19735413789749146,
        0.9503800868988037,
        -0.24047672748565674,
        -1.079267697434716e-08
      ],
      [
        0.6029148101806641,
        0.3110911548137665,
        0.7346537709236145,
        1.5648092031478882
      ],
      [
        0.0,
        1.5491306015746886e-09,
        2.0672565881341143e-09,
        1.0
      ]
    ],
    [
      [
        0.7667451500892639,
        -7.020186654216332e-09,
        -0.6419516205787659,
        7.61919061176286e-09
      ],
      [
        -0.20170089602470398,
        0.9493569135665894,
        -0.24091096222400665,
        1.3998930903369455e-08
      ],
      [
        0.6094412207603455,
        0.3141995370388031,
        0.7279148101806641,
        1.572504997253418
      ],
      [
        0.0,
        -5.422844395752691e-09,
        -8.51582626637537e-09,
        1.0
      ]
    ],
    [
      [
        0.7604060173034668,
        -5.4400501880991214e-09,
        -0.649448037147522,
        -4.167996081605452e-08
      ],
      [
        -0.2060728669166565,
        0.9483236074447632,
        -0.24128036201000214,
        -5.181969697787281e-08
      ],
      [
        0.6158868670463562,
        0.3173046410083771,
        0.721110999584198,
        1.5802006721496582
      ],
      [
        0.0,
        -1.1029221980152215e-10,
        6.047390144203746e-09,
        1.0
      ]
    ],
    [
      [
        0.7539935111999512,
        -1.268697502609939e-08,
        -0.6568819284439087,
        -2.2275214561773282e-08
      ],
      [
        -0.2104690670967102,
        0.9472801089286804,
        -0.24158427119255066,
        2.7139415159638247e-09
      ],
      [
        0.6222511529922485,
        0.3204062879085541,
        0.7142430543899536,
        1.587896466255188
      ],
      [
        0.0,
        -1.6065396124531617e-08,
        -9.514977250546508e-09,
        0.9999999403953552
      ]
    ],
    [
      [
        0.7475083470344543,
        5.693200133549681e-09,
        -0.6642523407936096,
        9.436651993155465e-08
      ],
      [
        -0.21488872170448303,
        0.9462265968322754,
        -0.24182233214378357,
        -2.9284830116438343e-09
      ],
      [
        0.6285332441329956,
        0.32350456714630127,
        0.7073121666908264,
        1.5955921411514282
      ],
      [
        -5.960464477539063e-08,
        -6.956341280783818e-09,
        7.702134041664976e-09,
