{
  "intrinsic": [
    [
      3057.504638671875,
      0.0,
      378.0
    ],
    [
      0.0,
      2026.472900390625,
      238.0
    ],
    [
      0.0,
      0.0,
      1.0
    ]
  ],
  "extrinsic": [
    [
      [
        1.0,
        0.0,
        0.0,
        0.0
      ],
      [
        0.0,
        0.9961946606636047,
        -0.08715574443340302,
        -1.0422425589240447e-08
      ],
      [
        0.0,
        0.08715574443340302,
        0.9961947202682495,
        0.994084358215332
      ],
      [
        0.0,
        0.0,
        0.0,
        1.0
      ]
    ],
    [
      [
        0.9996572732925415,
        -1.413940353689469e-10,
        0.026176948100328445,
        1.0999032795666608e-09
      ],
      [
        0.002366796601563692,
        0.9959041476249695,
        -0.09038431942462921,
        2.0309105508431458e-09
      ],
      [
        -0.026069728657603264,
        0.09041530638933182,
        0.9955628514289856,
        1.001539945602417
      ],
      [
        1.2391913051246206e-09,
        -4.09239087062474e-09,
        -3.188123187669589e-08,
        0.9999999403953552
      ]
    ],
    [
      [
        0.9986295104026794,
        2.9806823675926353e-10,
        0.0523359589278698,
        -1.2444587582649547e-09
      ],
      [
        0.004902514163404703,
        0.9956029057502747,
        -0.09354553371667862,
        -7.450580596923828e-09
      ],
      [
        -0.05210583284497261,
        0.09367391467094421,
        0.994238555431366,
        1.008995532989502
      ],
      [
        -5.75664405033649e-10,
        4.0463810080382245e-09,
        4.543721132677092e-08,
        1.0
      ]
    ],
    [
      [
        0.9969173073768616,
        4.2144127077037297e-10,
        0.07845909893512726,
        6.263261020933442e-09
      ],
      [
        0.0076051573269069195,
        0.995290994644165,
        -0.0966326892375946,
        0.0
      ],
      [
        -0.0780896320939064,
        0.09693149477243423,
        0.9922229051589966,
        1.0164512395858765
      ],
      [
        3.343312293679901e-10,
        -3.3473379623671917e-09,
        -1.284146122770835e-08,
        1.0
      ]
    ],
    [
      [
        0.9945219159126282,
        -1.4923489111140498e-09,
        0.10452845692634583,
        -1.0893302260228666e-08
      ],
      [
        0.010472502559423447,
        0.9949684739112854,
        -0.09963920712471008,
        8.755803193594147e-09
      ],
      [
        -0.10400252044200897,
        0.10018804669380188,
        0.9895178079605103,
        1.0239067077636719
      ],
      [
        1.9858852340348676e-09,
        -3.7195135860201844e-09,
        -5.2082867796343635e-08,
        0.9999999403953552
      ]
    ],
    [
      [
        0.9914448857307434,
        -1.5016161647452009e-09,
        0.13052617013454437,
        1.536079707875615e-08
      ],
      [
        0.0135020911693573,
        0.9946353435516357,
        -0.10255856812000275,
        -1.4901161193847656e-08
      ],
      [
        -0.12982594966888428,
        0.10344354063272476,
        0.9861260056495667,
        1.031362533569336
      ],
      [
        -2.749423799741635e-09,
        3.9731085088590135e-09,
        9.838803549655495e-09,
        1.0
      ]
    ],
    [
      [
        0.9876883625984192,
        2.336769000521599e-09,
        0.15643446147441864,
        3.2707490049688204e-09
      ],
      [
        0.016691232100129128,
        0.9942914247512817,
        -0.10538429021835327,
        -7.450580596923828e-09
      ],
      [
        -0.15554146468639374,
        0.1066979169845581,
        0.9820500612258911,
        1.0388180017471313
      ],
      [
        -7.979624072618208e-09,
        -1.2822027883885312e-09,
        1.2607344501702755e-08,
        1.0
      ]
    ],
    [
      [
        0.9832549095153809,
        9.335414663524944e-10,
        0.18223553895950317,
        3.516960944693892e-08
      ],
      [
        0.020037006586790085,
        0.9939369559288025,
        -0.10811001062393188,
        -2.179984726069506e-08
      ],
      [
        -0.18113061785697937,
        0.10995114594697952,
        0.9772934317588806,
        1.0462738275527954
      ],
      [
        9.589593119585516e-09,
        -5.0518074168337535e-09,
        -2.8407146857034604e-08,
        0.9999999403953552
      ]
    ],
    [
      [
        0.978147566318512,
        -1.558779327837101e-09,
        0.2079116553068161,
        2.5420167304446295e-08
      ],
      [
        0.02353626862168312,
        0.9935718774795532,
        -0.11072944849729538,
        -2.2057133008956953e-08
      ],
      [
        -0.2065751552581787,
        0.11320321261882782,
        0.9718598127365112,
        1.0537294149398804
      ],
      [
        1.3610318205792282e-08,
        -6.71681110731015e-09,
        -5.9510604444312776e-08,
        0.9999999403953552
      ]
    ],
    [
      [
        0.972369909286499,
        1.5945277320739137e-09,
        0.23344536125659943,
        1.243320468802267e-08
      ],
      [
        0.027185657992959023,
        0.9931960105895996,
        -0.11323641240596771,
        7.484800335078035e-09
      ],
      [
        -0.23185698688030243,
        0.11645404249429703,
        0.9657538533210754,
        1.0611848831176758
      ],
      [
        1.630472823421769e-08,
        -8.31865598627246e-09,
        -4.635283445963978e-08,
        0.9999999403953552
      ]
    ],
    [
      [
        0.9659258127212524,
        -2.309532565192285e-09,
        0.258819043636322,
        2.9330351480894024e-09
      ],
      [
        0.03098158910870552,
        0.9928097128868103,
        -0.11562485992908478,
        -1.4901161193847656e-08
      ],
      [
        -0.2569580674171448,
        0.11970366537570953,
        0.9589805603027344,
        1.0686407089233398
      ],
      [
        -1.6558722393256176e-08,
        6.799767859888561e-09,
        4.642015483113937e-08,
        1.0
      ]
    ],
    [
      [
        0.9588196873664856,
        2.315982960965357e-10,
        0.28401532769203186,
        1.316110598281739e-08
      ],
      [
        0.03492024168372154,
        0.9924126267433167,
        -0.11788877099752426,
        0.0
      ],
      [
        -0.2818603813648224,
        0.12295196950435638,
        0.9515447616577148,
        1.0760962963104248
      ],
      [
        1.2113865466290008e-10,
        2.3558213158025865e-09,
        2.623409045554581e-08,
        1.0
      ]
    ],
    [
      [
        0.9510564804077148,
        -4.9702117976835325e-09,
        0.3090169429779053,
        -5.630379007470765e-08
      ],
      [
        0.038997627794742584,
        0.9920049905776978,
        -0.12002234905958176,
        -1.4901161193847656e-08
      ],
      [
        -0.3065463900566101,
        0.12619897723197937,
        0.943452775478363,
        1.0835518836975098
      ],
      [
        -1.0681411310997646e-08,
        9.508877241160008e-09,
        5.3663534060888196e-08,
        1.0
      ]
    ],
    [
      [
        0.9426414966583252,
        6.955466425040413e-09,
        0.3338069021701813,
        2.4436719314735456e-08
      ],
      [
        0.0432095043361187,
        0.9915866255760193,
        -0.12201987206935883,
        -1.4901161193847656e-08
      ],
      [
        -0.3309984505176544,
        0.12944462895393372,
        0.9347107410430908,
        1.0910075902938843
      ],
      [
        1.2823910822135076e-09,
        -5.2913868842097145e-09,
        -1.996650667024369e-08,
        1.0
      ]
    ],
    [
      [
        0.9335805177688599,
        -1.670048987989503e-09,
        0.3583679497241974,
        -4.129520903006778e-08
      ],
      [
        0.047551438212394714,
        0.9911577105522156,
        -0.12387573719024658,
        1.4901161193847656e-08
      ],
      [
        -0.3551991879940033,
        0.13268887996673584,
        0.9253254532814026,
        1.0984630584716797
      ],
      [
        -1.7520436657036953e-08,
        -4.0028425019045244e-10,
        8.255408801005615e-09,
        1.0
      ]
    ],
    [
      [
        0.9238795042037964,
        4.718436752426669e-09,
        0.38268351554870605,
        8.771053217060398e-08
      ],
      [
        0.05201881751418114,
        0.9907181262969971,
        -0.12558454275131226,
        -1.4901161193847656e-08
      ],
      [
        -0.3791314959526062,
        0.13593171536922455,
        0.91530442237854,
        1.1059188842773438
      ],
      [
        -8.246807681189239e-09,
        -1.9792754102354593e-09,
        2.354320827180345e-08,
        1.0
      ]
    ],
    [
      [
        0.9135454893112183,
        1.0152767515592132e-09,
        0.40673667192459106,
        -2.750110184024379e-08
      ],
      [
        0.056606799364089966,
        0.9902681112289429,
        -0.12714095413684845,
        2.9802322387695312e-08
      ],
      [
        -0.402778297662735,
        0.13917310535907745,
        0.904654860496521,
        1.1133743524551392
      ],
      [
        -8.701395159960157e-10,
        4.7211630160859386e-09,
        3.96399713054052e-09,
        1.0
      ]
    ],
    [
      [
        0.9025852680206299,
        2.8400037876963324e-09,
        0.43051111698150635,
        2.142431299034797e-08
      ],
      [
        0.06131036579608917,
        0.9898072481155396,
        -0.12853986024856567,
        0.0
      ],
      [
        -0.4261230528354645,
        0.14241299033164978,
        0.8933855891227722,
        1.1208301782608032
      ],
      [
        9.77534497792476e-09,
        -4.447418433528583e-09,
        -2.4992779401600274e-08,
        1.0
      ]
    ],
    [
      [
        0.8910065293312073,
        6.566978072441998e-09,
        0.45399054884910583,
        5.639180500338625e-08
      ],
      [
        0.066124327480793,
        0.9893358945846558,
        -0.12977629899978638,
        -1.4901161193847656e-08
      ],
      [
        -0.44914910197257996,
        0.14565134048461914,
        0.8815047740936279,
        1.1282857656478882
      ],
      [
        6.360073356859175e-09,
        -8.899661452232976e-09,
        -3.900491662989225e-08,
        1.0
      ]
    ],
    [
      [
        0.878817081451416,
        8.915309379631253e-09,
        0.4771588146686554,
        4.706228651230049e-08
      ],
      [
        0.07104329764842987,
        0.9888540506362915,
        -0.13084548711776733,
        -2.9802322387695312e-08
      ],
      [
        -0.47184038162231445,
        0.14888818562030792,
        0.8690218925476074,
        1.1357414722442627
      ],
      [
        -2.816875621647341e-09,
        -3.8305376648395395e-09,
        2.5006841042340966e-08,
        1.0
      ]
    ],
    [
      [
        0.8660253882408142,
        1.1085745654781931e-09,
        0.5,
        -2.0501801145655918e-08
      ],
      [
        0.07606169581413269,
        0.9883614778518677,
        -0.1317427158355713,
        -1.4901161193847656e-08
      ],
      [
        -0.4941807687282562,
        0.15212339162826538,
        0.8559461832046509,
        1.143196940422058
      ],
      [
        -1.2028577245359884e-08,
        9.575028769859273e-09,
        1.5306632406009157e-08,
        1.0
      ]
    ],
    [
      [
        0.8526402115821838,
        -5.852248463611431e-09,
        0.5224985480308533,
        -1.4656023950010422e-08
      ],
      [
        0.08117379248142242,
        0.9878584146499634,
        -0.13246358931064606,
        0.0
      ],
      [
        -0.5161545872688293,
        0.1553569883108139,
        0.8422877192497253,
        1.1506526470184326
      ],
      [
        -1.3144205723847335e-08,
        1.1787104625682332e-10,
        -5.96749671899488e-09,
        1.0
      ]
    ],
    [
      [
        0.838670551776886,
        -6.943275288051609e-09,
        0.544638991355896,
        9.652606536292296e-08
      ],
      [
        0.0863736942410469,
        0.9873446822166443,
        -0.1330038160085678,
        -1.4901161193847656e-08
      ],
      [
        -0.5377464294433594,
        0.15858887135982513,
        0.8280568718910217,
        1.1581082344055176
      ],
      [
        1.0579014997347258e-08,
        -1.665958926366784e-09,
        5.511591183449127e-09,
        1.0
      ]
    ],
    [
      [
        0.824126124382019,
        6.840203070623829e-09,
        0.5664063096046448,
        1.5290417820779112e-08
      ],
      [
        0.09165535867214203,
        0.9868203401565552,
        -0.13335935771465302,
        -1.4901161193847656e-08
      ],
      [
        -0.5589413046836853,
        0.16181910037994385,
        0.8132645487785339,
        1.165563941001892
      ],
      [
        -7.102258336999512e-09,
        -4.224744998282404e-09,
        -1.6497139654347848e-08,
        1.0
      ]
    ],
    [
      [
        0.8090170621871948,
        -7.948424141090982e-09,
        0.5877852439880371,
        -1.0664189176168293e-07
      ],
      [
        0.09701256453990936,
        0.9862855672836304,
        -0.13352632522583008,
        -1.4901161193847656e-08
      ],
      [
        -0.579724133014679,
        0.16504760086536407,
        0.7979218363761902,
        1.1730194091796875
      ],
      [
        2.4580096180670807e-08,
        -5.026999261303899e-09,
        -7.287518144494243e-09,
        1.0
      ]
    ],
    [
      [
        0.7933533191680908,
        -8.144950491839609e-09,
        0.6087614297866821,
        -2.766685014421455e-08
      ],
      [
        0.10243893414735794,
        0.9857401847839355,
        -0.13350100815296173,
        -1.4901161193847656e-08
      ],
      [
        -0.600080668926239,
        0.16827432811260223,
        0.7820402979850769,
        1.180475115776062
      ],
      [
        1.8625758713142204e-08,
        -1.4074874599145915e-10,
        -1.792189507909825e-08,
        1.0
      ]
    ],
    [
      [
        0.7771459221839905,
        -7.920274214257006e-09,
        0.6293203830718994,
        3.2819968964759028e-09
      ],
      [
        0.10792797058820724,
        0.9851843118667603,
        -0.133279949426651,
        1.747649491790071e-08
      ],
      [
        -0.6199964880943298,
        0.17149923741817474,
        0.765631914138794,
        1.187930703163147
      ],
      [
        1.123606097053198e-09,
        -9.029395009463315e-09,
        -1.8139772350878047e-08,
        0.9999999403953552
      ]
    ],
    [
      [
        0.760405957698822,
        -2.718532066126045e-09,
        0.649448037147522,
        5.792208046528913e-09
      ],
      [
        0.11347304284572601,
        0.9846177101135254,
        -0.13285988569259644,
        1.137476246526603e-08
      ],
      [
        -0.6394579410552979,
        0.1747223138809204,
        0.7487090826034546,
        1.195386290550232
      ],
      [
        1.1920928955078125e-07,
        7.8999136121638e-09,
        -2.933124676474108e-08,
        0.9999999403953552
      ]
    ],
    [
      [
        0.7431448698043823,
        -1.203470767485726e-09,
        0.6691306233406067,
        -2.370533813689235e-08
      ],
      [
        0.11906744539737701,
        0.9840406179428101,
        -0.13223780691623688,
        -5.4254098991179944e-09
      ],
      [
        -0.6584517359733582,
        0.17794354259967804,
        0.7312847971916199,
        1.202842116355896
      ],
      [
        0.0,
        2.7040192307481448e-09,
        -3.4284752814528474e-10,
        1.0
      ]
    ],
    [
      [
        0.7253744006156921,
        -7.49201145566758e-09,
        0.6883544921875,
        -6.238816752102139e-08
      ],
      [
        0.1247042566537857,
        0.983453094959259,
        -0.1314108818769455,
        1.989494613496845e-08
      ],
      [
        -0.6769644021987915,
        0.18116284906864166,
        0.7133716940879822,
        1.2102975845336914
      ],
      [
        0.0,
        -4.694774347058228e-09,
        4.762446081940652e-08,
        1.0
      ]
    ],
    [
      [
        0.7071067690849304,
        -1.5016282661761693e-09,
        0.7071067690849304,
        -3.262504932877164e-08
      ],
      [
        0.13037653267383575,
        0.9828550815582275,
        -0.13037653267383575,
        -2.133001331117157e-08
      ],
      [
        -0.6949834823608398,
        0.18438024818897247,
        0.6949834823608398,
        1.2177534103393555
      ],
      [
        0.0,
        9.44172651173858e-09,
        2.3746281385683687e-08,
        1.0
      ]
    ],
    [
      [
        0.6883545517921448,
        5.951864778808158e-09,
        0.7253744602203369,
        6.451613643321252e-08
      ],
      [
        0.13607706129550934,
        0.9822463989257812,
        -0.12913231551647186,
        1.2788797798535256e-09
      ],
      [
        -0.712496280670166,
        0.18759563565254211,
        0.6761337518692017,
        1.2252088785171509
      ],
      [
        0.0,
        1.551208761441103e-08,
        -5.1286257019000914e-08,
        1.0
      ]
    ],
    [
      [
        0.6691306829452515,
        -2.0406289991115045e-09,
        0.7431448698043823,
        2.035363877439522e-09
      ],
      [
        0.1417986899614334,
        0.9816271662712097,
        -0.12767614424228668,
        -5.273375514036616e-09
      ],
      [
        -0.729491114616394,
        0.1908089965581894,
        0.6568368077278137,
        1.2326645851135254
      ],
      [
        0.0,
        -3.5579716950451257e-09,
        -1.4125703273748513e-08,
        1.0
      ]
    ],
    [
      [
        0.6494481563568115,
        -5.516977985564608e-09,
        0.7604060173034668,
        1.1523309417782457e-08
      ],
      [
        0.14753419160842896,
        0.9809975028038025,
        -0.1260061264038086,
        -1.0912190262502008e-08
      ],
      [
        -0.745956301689148,
        0.1940203309059143,
        0.6371069550514221,
        1.2401201725006104
      ],
      [
        0.0,
        -6.695088927699544e-10,
        8.166914255980373e-09,
        1.0
      ]
    ],
    [
      [
        0.6293203234672546,
        -1.701366270090432e-09,
        0.7771459817886353,
        -9.46787981348507e-09
      ],
      [
        0.1532762050628662,
        0.9803573489189148,
        -0.12412061542272568,
        -3.724271024907466e-08
      ],
      [
        -0.7618807554244995,
        0.19722962379455566,
        0.6169587969779968,
        1.2475758790969849
      ],
      [
        0.0,
        2.4321593627973925e-09,
        -2.432715007216757e-08,
        1.0
      ]
    ],
    [
      [
        0.6087614893913269,
        -4.210485737843328e-09,
        0.7933533191680908,
        -2.6367899863544153e-08
      ],
      [
        0.1590171456336975,
        0.9797066450119019,
        -0.12201816588640213,
        1.9182600397016358e-08
      ],
      [
        -0.7772535681724548,
        0.20043674111366272,
        0.5964076519012451,
        1.2550314664840698
      ],
      [
        0.0,
        -6.587221434983803e-09,
        3.099086143265595e-08,
        1.0
      ]
    ],
    [
      [
        0.5877851843833923,
        9.855725124907622e-09,
        0.8090170621871948,
        6.640145500114158e-08
      ],
      [
        0.1647496223449707,
        0.9790453910827637,
        -0.11969761550426483,
        1.0358762736473182e-08
      ],
      [
        -0.7920643091201782,
        0.20364172756671906,
        0.5754684805870056,
        1.2624869346618652
      ],
      [
        0.0,
        8.806713580611358e-09,
        -1.1990827886165789e-08,
        1.0
      ]
    ],
    [
      [
        0.5664063096046448,
        -8.661319661484868e-09,
        0.8241261839866638,
        -5.387051515981511e-08
      ],
      [
        0.17046600580215454,
        0.9783737659454346,
        -0.11715804040431976,
        1.9817029794921837e-08
      ],
      [
        -0.8063035011291504,
        0.20684456825256348,
        0.554157018661499,
        1.2699427604675293
      ],
      [
        -5.960464477539063e-08,
        2.9049829208815936e-10,
        -1.081758682630607e-09,
        1.0
      ]
    ],
    [
      [
        0.5446390509605408,
        2.2644512931435656e-09,
        0.8386706113815308,
        -1.6778759714952685e-08
      ],
      [
        0.17615868151187897,
        0.977691650390625,
        -0.11439880728721619,
        3.020072414372521e-09
      ],
      [
        -0.8199611902236938,
        0.21004517376422882,
        0.5324891209602356,
        1.2773983478546143
      ],
      [
        0.0,
        4.4561243583984833e-10,
        4.1921975224568087e-08,
        1.0
      ]
    ],
    [
      [
        0.5224985480308533,
        1.973200935978525e-09,
        0.8526401519775391,
        1.1095334651045619e-09
      ],
      [
        0.18182003498077393,
        0.9769991040229797,
        -0.1114194467663765,
        9.878233342419662e-09
      ],
      [
        -0.8330286145210266,
        0.2132435292005539,
        0.5104805827140808,
        1.2848539352416992
      ],
      [
        0.0,
        -5.596752394865234e-09,
        7.554039171964178e-09,
        0.9999999403953552
      ]
    ],
    [
      [
        0.5000000596046448,
        1.0304309405739787e-08,
        0.866025447845459,
        3.0507319337402805e-08
      ],
      [
        0.18744216859340668,
        0.9762959480285645,
        -0.10821979492902756,
        -3.5652083507642374e-09
      ],
      [
        -0.8454970121383667,
        0.21643957495689392,
        0.488148033618927,
        1.2923095226287842
      ],
      [
        5.960464477539063e-08,
        1.9300703257840723e-09,
        3.650192681448061e-08,
        1.0
      ]
    ],
    [
      [
        0.47715872526168823,
        -5.45236911175806e-10,
        0.878817081451416,
        -3.5078080884431984e-08
      ],
      [
        0.19301754236221313,
        0.9755824208259583,
        -0.10479997098445892,
        -5.711827899546051e-09
      ],
      [
        -0.8573586344718933,
        0.21963337063789368,
        0.46550771594047546,
        1.2997653484344482
      ],
      [
        -5.960464477539063e-08,
        9.645392040624756e-09,
        1.2036649010838119e-08,
        1.0
      ]
    ],
    [
      [
        0.45399048924446106,
        1.977990660151363e-09,
        0.8910065293312073,
        7.2343508961125735e-09
      ],
      [
        0.19853834807872772,
        0.9748585224151611,
        -0.10116032510995865,
        1.8732968509738157e-09
      ],
      [
        -0.8686053156852722,
        0.22282476723194122,
        0.44257646799087524,
        1.3072209358215332
      ],
      [
        0.0,
        -3.4127385362126006e-09,
        -9.225040287219599e-09,
        1.0
      ]
    ],
    [
      [
        0.43051111698150635,
        -7.263696311099466e-09,
        0.9025853276252747,
        -2.6271596453852908e-08
      ],
      [
        0.20399674773216248,
        0.9741241931915283,
        -0.09730146825313568,
        -9.539840917227593e-09
      ],
      [
        -0.8792300820350647,
        0.22601383924484253,
        0.41937124729156494,
        1.3146765232086182
      ],
      [
        0.0,
        -6.722295609051798e-09,
        -3.2100757607622654e-09,
        1.0
      ]
    ],
    [
      [
        0.40673673152923584,
        -9.072929074704916e-09,
        0.913545548915863,
        -2.2799040877430343e-08
      ],
      [
        0.2093849629163742,
        0.9733791947364807,
        -0.09322420507669449,
        -1.6107399858356075e-09
      ],
      [
        -0.8892261385917664,
        0.22920039296150208,
        0.39590907096862793,
        1.3221322298049927
      ],
      [
        5.960464477539063e-08,
        -9.221405861126186e-09,
        -1.795390858205792e-08,
        1.0
      ]
    ],
    [
      [
        0.3826834261417389,
        2.6021127474962213e-09,
        0.9238795042037964,
        -3.9318472033755825e-08
      ],
      [
        0.21469533443450928,
        0.9726240038871765,
        -0.08892970532178879,
        -4.82928435019403e-08
      ],
      [
        -0.8985874056816101,
        0.23238451778888702,
        0.37220707535743713,
        1.3295879364013672
      ],
      [
        0.0,
        2.3315873676210686e-09,
        7.569379789629238e-09,
        1.0
      ]
    ],
    [
      [
        0.3583679795265198,
        -5.712263551060914e-09,
        0.9335804581642151,
        -3.9144698149584656e-08
      ],
      [
        0.21991999447345734,
        0.9718582630157471,
        -0.0844193771481514,
        -2.8328956958034723e-08
      ],
      [
        -0.9073078632354736,
        0.23556619882583618,
        0.3482828736305237,
        1.3370435237884521
      ],
      [
        5.960464477539063e-08,
        -8.919478489133326e-10,
        -1.4489803135120383e-08,
        1.0
      ]
    ],
    [
      [
        0.3338068723678589,
        3.3095877149946773e-09,
        0.9426414966583252,
        3.816735016926032e-08
      ],
      [
        0.22505122423171997,
        0.9710822105407715,
        -0.07969482243061066,
        3.341209531271261e-09
      ],
      [
        -0.9153823256492615,
        0.23874531686306,
        0.32415392994880676,
        1.3444989919662476
      ],
      [
        0.0,
        8.530840922560401e-09,
        1.560343143580667e-08,
        1.0
      ]
    ],
    [
      [
        0.30901700258255005,
        -2.264716636446451e-09,
        0.9510564804077148,
        -2.1837239572164435e-08
      ],
      [
        0.23008134961128235,
        0.9702956676483154,
        -0.07475796341896057,
        -2.082738781439275e-08
      ],
      [
        -0.9228060245513916,
        0.24192187190055847,
        0.2998378276824951,
        1.351954698562622
      ],
      [
        0.0,
        -4.791301577711238e-09,
        -2.588578240647621e-09,
        1.0
      ]
    ],
    [
      [
        0.28401535749435425,
        -3.5504572615252528e-09,
        0.9588196873664856,
        -5.139210301763342e-08
      ],
      [
        0.2350027859210968,
        0.9694988131523132,
        -0.06961099058389664,
        -2.129298515285427e-08
      ],
      [
        -0.9295746088027954,
        0.245095893740654,
        0.2753525674343109,
        1.3594104051589966
      ],
      [
        0.0,
        1.868017740491723e-09,
        -2.9956890301718886e-09,
        1.0
      ]
    ],
    [
      [
        0.2588190734386444,
        -6.826228027279058e-09,
        0.9659258127212524,
        9.076160267795785e-09
      ],
      [
        0.23980772495269775,
        0.9686915278434753,
        -0.06425628811120987,
        1.4538190651336436e-09
      ],
      [
        -0.9356842637062073,
        0.24826723337173462,
        0.25071585178375244,
        1.3668659925460815
      ],
      [
        0.0,
        8.209376289869397e-09,
        1.6314558592966932e-08,
        1.0
      ]
    ],
    [
      [
        0.23344536125659943,
        -1.4243041190908912e-09,
        0.972369909286499,
        2.7222686327377232e-08
      ],
      [
        0.24448873102664948,
        0.9678739309310913,
        -0.05869655683636665,
        1.5374872930351557e-08
      ],
      [
        -0.9411315321922302,
        0.25143593549728394,
        0.22594569623470306,
        1.3743215799331665
      ],
      [
        0.0,
        -7.365084542243494e-09,
        5.331881602899102e-09,
        1.0
      ]
    ],
    [
      [
        0.2079116851091385,
        -6.057534918113561e-09,
        0.978147566318512,
        -6.893172699307115e-09
      ],
      [
        0.24903827905654907,
        0.9670459032058716,
        -0.052934713661670685,
        -3.380042556955232e-08
      ],
      [
        -0.9459137320518494,
        0.25460198521614075,
        0.20106013119220734,
        1.381777286529541
      ],
      [
        -5.960464477539063e-08,
        1.3567795775770719e-08,
        -1.1034900992967778e-08,
        1.0
      ]
    ],
    [
      [
        0.1822355091571808,
        5.735886876578888e-09,
        0.9832549095153809,
        5.829909444088344e-09
      ],
      [
        0.25344887375831604,
        0.9662075042724609,
        -0.046973973512649536,
        -7.718576000570465e-09
      ],
      [
        -0.9500283002853394,
        0.2577652037143707,
        0.17607732117176056,
        1.389232873916626
      ],
      [
        -5.960464477539063e-08,
        1.7762362247708552e-08,
        -1.4469057951771447e-08,
        1.0
      ]
    ],
    [
      [
        0.15643446147441864,
        -6.641970307086353e-11,
        0.9876883625984192,
        -2.311593805259804e-09
      ],
      [
        0.25771331787109375,
        0.9653589129447937,
        -0.040817782282829285,
        -5.92976423519076e-09
      ],
      [
        -0.9534736275672913,
        0.2609257698059082,
        0.15101538598537445,
        1.396688461303711
      ],
      [
        0.0,
        -8.01142618911399e-09,
        -4.017652877053024e-09,
        1.0
      ]
    ],
    [
      [
        0.13052618503570557,
        -6.418801046237377e-10,
        0.9914448857307434,
        -1.4093349598454097e-08
      ],
      [
        0.2618241608142853,
        0.964499831199646,
        -0.034469809383153915,
        -2.0509636655674512e-08
      ],
      [
        -0.9562482833862305,
        0.26408347487449646,
        0.12589247524738312,
        1.4041441679000854
      ],
      [
        5.960464477539063e-08,
        8.08245026462373e-09,
        -7.230402943037006e-10,
        1.0
      ]
    ],
    [
      [
        0.10452846437692642,
        -2.2715123115801816e-09,
        0.9945218563079834,
        1.2851432806826324e-08
      ],
      [
        0.2657743990421295,
        0.9636304378509521,
        -0.027934012934565544,
        2.496181039646217e-08
      ],
      [
        -0.9583514928817749,
        0.2672383487224579,
        0.10072680562734604,
        1.4115996360778809
      ],
      [
        0.0,
        -8.857730549038934e-09,
        -4.584062018864188e-10,
        1.0
      ]
    ],
    [
      [
        0.07845910638570786,
        8.084607427960577e-10,
        0.9969173669815063,
        -1.3652734942581901e-08
      ],
      [
        0.2695568799972534,
        0.9627507328987122,
        -0.021214591339230537,
        -3.2123356419333504e-08
      ],
      [
        -0.9597829580307007,
        0.27039042115211487,
        0.0755365639925003,
        1.419055461883545
      ],
      [
        0.0,
        -1.6004246816692103e-09,
        2.356381756385417e-10,
        1.0
      ]
    ],
    [
      [
        0.0523359589278698,
        9.908236037192708e-11,
        0.9986295700073242,
        3.4113682989556082e-09
      ],
      [
        0.2731647193431854,
        0.9618607759475708,
        -0.014315956272184849,
        2.01451921810758e-08
      ],
      [
        -0.9605425596237183,
        0.27353957295417786,
        0.05033989995718002,
        1.4265109300613403
      ],
      [
        -5.960464477539063e-08,
        1.2283134509516458e-09,
        -3.367966794343147e-09,
        1.0
      ]
    ],
    [
      [
        0.026176946237683296,
        -1.7913674710268168e-10,
        0.9996572732925415,
        2.3254944636619257e-09
      ],
      [
        0.2765909731388092,
        0.9609604477882385,
        -0.007242788095027208,
        1.1491110285533068e-09
      ],
      [
        -0.9606310725212097,
        0.27668577432632446,
        0.02515500970184803,
        1.4339666366577148
      ],
      [
        5.960464477539063e-08,
        -2.560707201837431e-09,
        1.793224346791078e-09,
        1.0
      ]
    ],
    [
      [
        6.123234924670329e-17,
        -1.2140216316096285e-24,
        1.0,
        4.7073688908644385e-24
      ],
      [
        0.2798289954662323,
        0.9600498080253601,
        -1.713458647661539e-17,
        4.353020344183278e-08
      ],
      [
        -0.9600498676300049,
        0.2798290252685547,
        5.878610486014307e-17,
        1.4414222240447998
      ],
      [
        0.0,
        1.1052520676457789e-08,
        2.49983276103799e-24,
        1.0
      ]
    ],
    [
      [
        -0.026176946237683296,
        3.9673453411381843e-10,
        0.9996572732925415,
        3.0099195358346265e-10
      ],
      [
        0.2828723192214966,
        0.9591289758682251,
        0.0074072713032364845,
        -8.267512008330868e-09
      ],
      [
        -0.9588002562522888,
        0.28296926617622375,
        -0.025107067078351974,
        1.4488778114318848
      ],
      [
        5.960464477539063e-08,
        -6.909930405640807e-09,
        2.031579127148575e-09,
        0.9999999403953552
      ]
    ],
    [
      [
        -0.0523359589278698,
        1.3079598515375324e-10,
        0.9986295700073242,
        1.1190883775213933e-09
      ],
      [
        0.28571438789367676,
        0.958197832107544,
        0.0149736562743783,
        -1.4489907051995488e-08
      ],
      [
        -0.9568845629692078,
        0.2861064672470093,
        -0.050148192793130875,
        1.4563335180282593
      ],
      [
        5.960464477539063e-08,
        -1.2802431115233048e-08,
        1.832102913823519e-09,
        1.0
      ]
    ],
    [
      [
        -0.07845910638570786,
        -7.68031582776274e-10,
        0.9969173669815063,
        -8.580558485959955e-09
      ],
      [
        0.2883489727973938,
        0.9572563767433167,
        0.022693561390042305,
        2.7500254518031397e-08
      ],
      [
        -0.9543054699897766,
        0.28924059867858887,
        -0.07510547339916229,
        1.4637889862060547
      ],
      [
        0.0,
        -9.98294069631811e-09,
        2.5278179549559354e-10,
        1.0
      ]
    ],
    [
      [
        -0.10452847182750702,
        3.8445588934621355e-09,
        0.9945218563079834,
        1.0159233454487548e-08
      ],
      [
        0.290770024061203,
        0.956304669380188,
        0.030561160296201706,
        -2.8511959015986577e-08
      ],
      [
        -0.9510660171508789,
        0.2923716902732849,
        -0.09996107220649719,
        1.4712448120117188
      ],
      [
        0.0,
        6.442917310778284e-10,
        -1.1335416161273315e-08,
        1.0
      ]
    ],
    [
      [
        -0.13052618503570557,
        1.5446310897004878e-09,
        0.9914448857307434,
        -4.992116942048597e-09
      ],
      [
        0.29297155141830444,
        0.9553427696228027,
        0.03857043385505676,
        5.0458218936455523e-08
      ],
      [
        -0.9471696615219116,
        0.2954995930194855,
        -0.1246972605586052,
        1.4787003993988037
      ],
      [
        5.960464477539063e-08,
        -4.511093720793724e-10,
        -1.0440999176353216e-09,
        1.0
      ]
    ],
    [
      [
        -0.15643446147441864,
        -2.785685015993522e-10,
        0.9876883625984192,
        9.67265911810955e-09
      ],
      [
        0.2949478030204773,
        0.9543706774711609,
        0.0467151440680027,
        1.3203181659093843e-08
      ],
      [
        -0.9426208734512329,
        0.2986243665218353,
        -0.14929647743701935,
        1.4861561059951782
      ],
      [
        -5.960464477539063e-08,
        -1.5696883792770677e-09,
        -1.0954529727769113e-08,
        1.0
      ]
    ],
    [
      [
        -0.18223552405834198,
        -2.656238340392747e-09,
        0.9832549095153809,
        -1.9676289042536155e-08
      ],
      [
        0.29669320583343506,
        0.9533883929252625,
        0.054988838732242584,
        1.214027900431347e-08
      ],
      [
        -0.9374237656593323,
        0.3017459511756897,
        -0.17374122142791748,
        1.4936116933822632
      ],
      [
        0.0,
        -8.539696949583231e-09,
        5.535419234092842e-09,
        1.0
      ]
    ],
    [
      [
        -0.20791170001029968,
        3.146057414582515e-09,
        0.978147566318512,
        2.2437667723806953e-08
      ],
      [
        0.2982022762298584,
        0.9523957967758179,
        0.06338484585285187,
        -7.487162889674437e-09
      ],
      [
        -0.93158358335495,
        0.3048642873764038,
        -0.19801419973373413,
        1.5010673999786377
      ],
      [
        5.960464477539063e-08,
        -1.2253941861217754e-08,
        6.2946448053935455e-09,
        1.0
      ]
    ],
    [
      [
        -0.23344536125659943,
        2.5749162801957937e-09,
        0.972369909286499,
        8.203869583667256e-09
      ],
      [
        0.29946988821029663,
        0.9513930082321167,
        0.07189635932445526,
        2.065474546952828e-08
      ],
      [
        -0.9251059889793396,
        0.30797940492630005,
        -0.22209829092025757,
        1.5085229873657227
      ],
      [
        0.0,
        1.7491437631633744e-08,
        8.93664520162929e-09,
        1.0
      ]
    ],
    [
      [
        -0.2588190734386444,
        6.757224557674135e-09,
        0.9659258127212524,
        -5.673618463930552e-09
      ],
      [
        0.30049100518226624,
        0.9503800868988037,
        0.08051631599664688,
        -1.6269409153224501e-09
      ],
      [
        -0.9179967641830444,
        0.31109118461608887,
        -0.24597646296024323,
        1.5159785747528076
      ],
      [
        -5.960464477539063e-08,
        7.452598538293387e-09,
        -4.733616165708554e-09,
        1.0
      ]
    ],
    [
      [
        -0.28401532769203186,
        3.829538464117377e-09,
        0.9588196873664856,
        2.0891022245450586e-08
      ],
      [
        0.30126073956489563,
        0.9493569135665894,
        0.08923748880624771,
        -2.6555506238423732e-08
      ],
      [
        -0.9102621674537659,
        0.3141995668411255,
        -0.26963192224502563,
        1.5234344005584717
      ],
      [
        0.0,
        -8.492129666137771e-09,
        7.248448952168474e-09,
        1.0
      ]
    ],
    [
      [
        -0.30901697278022766,
        -3.3141420718862946e-09,
        0.9510564804077148,
        -1.0981732856407689e-08
      ],
      [
        0.30177465081214905,
        0.9483236074447632,
        0.09805252403020859,
        -3.709445550725832e-08
      ],
      [
        -0.9019094705581665,
        0.3173046112060547,
        -0.29304811358451843,
        1.530889868736267
      ],
      [
        -5.960464477539063e-08,
        1.9009576135431416e-09,
        3.645919122163832e-10,
        1.0
      ]
    ],
    [
      [
        -0.3338068723678589,
        -1.8043840865900052e-09,
        0.9426414966583252,
        1.3481290750405606e-08
      ],
      [
        0.30202826857566833,
        0.9472801089286804,
        0.10695382952690125,
        2.048348823890933e-09
      ],
      [
        -0.8929455280303955,
        0.3204062581062317,
        -0.3162086606025696,
        1.538345456123352
      ],
      [
        5.960464477539063e-08,
        -1.0956053841937319e-08,
        -1.5690577725990806e-08,
        1.0
      ]
    ],
    [
      [
        -0.3583679795265198,
        3.177662799558334e-09,
        0.9335804581642151,
        3.789774716267402e-09
      ],
      [
        0.30201756954193115,
        0.9462265968322754,
        0.11593369394540787,
        -2.2865528137572255e-08
      ],
      [
        -0.8833786845207214,
        0.32350456714630127,
        -0.3390973210334778,
        1.545801043510437
      ],
      [
        0.0,
        -8.87391138348903e-09,
        -1.0923898230430495e-08,
        1.0
      ]
    ],
    [
      [
        -0.3826834261417389,
        5.149926263214866e-09,
        0.9238795042037964,
        2.1604563471555593e-08
      ],
      [
