{
  "intrinsic": [
    [
      893.7109375,
      0.0,
      301.0
    ],
    [
      0.0,
      800.8797607421875,
      301.0
    ],
    [
      0.0,
      0.0,
      1.0
    ]
  ],
  "extrinsic": [
    [
      [
        1.0,
        0.0,
        0.0,
        0.0
      ],
      [
        0.0,
        0.9961946606636047,
        -0.08715574443340302,
        -7.450580596923828e-09
      ],
      [
        0.0,
        0.08715575188398361,
        0.9961947202682495,
        1.0307140350341797
      ],
      [
        0.0,
        6.163306309758809e-09,
        2.453023739690252e-08,
        1.0
      ]
    ],
    [
      [
        0.9999518990516663,
        9.859800476075264e-12,
        -0.009817318990826607,
        -2.4285229383025353e-10
      ],
      [
        -0.0008876359788700938,
        0.9959041476249695,
        -0.09041094779968262,
        0.0
      ],
      [
        0.009777109138667583,
        0.09041530638933182,
        0.9958561062812805,
        1.0384443998336792
      ],
      [
        -4.730424940646571e-10,
        -1.894360224241609e-09,
        -1.0602747124721645e-08,
        1.0
      ]
    ],
    [
      [
        0.9998071789741516,
        -1.1694104018467044e-10,
        -0.019633691757917404,
        -1.9967381081897884e-09
      ],
      [
        -0.0018391645280644298,
        0.9956029057502747,
        -0.09365585446357727,
        -5.867009544857638e-09
      ],
      [
        0.01954735815525055,
        0.09367389976978302,
        0.9954109191894531,
        1.0461746454238892
      ],
      [
        -1.060231902272335e-09,
        -3.261233949558573e-09,
        -4.9290747483610176e-08,
        0.9999999403953552
      ]
    ],
    [
      [
        0.999566376209259,
        1.9937496098521024e-11,
        -0.02944817580282688,
        1.5645973405753466e-10
      ],
      [
        -0.002854455728083849,
        0.995290994644165,
        -0.09688945859670639,
        0.0
      ],
      [
        0.029309507459402084,
        0.09693150967359543,
        0.994859516620636,
        1.0539051294326782
      ],
      [
        1.1449419190512344e-09,
        7.922583478148226e-09,
        6.864055990263296e-08,
        1.0
      ]
    ],
    [
      [
        0.9992290139198303,
        -2.021369738258727e-10,
        -0.03925982117652893,
        -7.660275969101349e-09
      ],
      [
        -0.003933364991098642,
        0.9949684739112854,
        -0.10011082142591476,
        -2.2351741790771484e-08
      ],
      [
        0.03906228765845299,
        0.10018806159496307,
        0.9942015409469604,
        1.0616354942321777
      ],
      [
        3.014702265602409e-09,
        5.736129793376676e-09,
        5.411280312728195e-08,
        1.0
      ]
    ],
    [
      [
        0.9987955093383789,
        -2.581834745996048e-10,
        -0.04906767979264259,
        1.0615330836571957e-09
      ],
      [
        -0.005075735040009022,
        0.9946353435516357,
        -0.1033189445734024,
        0.0
      ],
      [
        0.048804447054862976,
        0.10344354808330536,
        0.9934372305870056,
        1.0693657398223877
      ],
      [
        1.6618590947814482e-09,
        -1.6266321622993019e-09,
        5.834277061467219e-09,
        1.0
      ]
    ],
    [
      [
        0.9982655644416809,
        -5.35337663087887e-10,
        -0.05887079983949661,
        -4.914637141695266e-09
      ],
      [
        -0.006281391251832247,
        0.9942914247512817,
        -0.10651285946369171,
        -7.450580596923828e-09
      ],
      [
        0.058534733951091766,
        0.1066979244351387,
        0.9925669431686401,
        1.0770961046218872
      ],
      [
        2.316622893516751e-09,
        2.976627833106704e-10,
        1.0259292082537286e-08,
        1.0
      ]
    ],
    [
      [
        0.9976395964622498,
        -1.0024675534126004e-09,
        -0.06866827607154846,
        -4.33034585967107e-09
      ],
      [
        -0.0075501552782952785,
        0.9939369559288025,
        -0.10969161987304688,
        -1.4901161193847656e-08
      ],
      [
        0.06825193762779236,
        0.10995116084814072,
        0.9915909171104431,
        1.0848264694213867
      ],
      [
        4.8031942867510224e-09,
        7.18940196264839e-09,
        3.716768759431943e-08,
        1.0
      ]
    ],
    [
      [
        0.9969173073768616,
        -7.605756024986476e-10,
        -0.07845910638570786,
        -1.1847873793158215e-09
      ],
      [
        -0.008881822228431702,
        0.9935718774795532,
        -0.1128542497754097,
        0.0
      ],
      [
        0.0779547467827797,
        0.11320321261882782,
        0.9905089735984802,
        1.0925567150115967
      ],
      [
        6.631681870317152e-10,
        -2.794019238194778e-09,
        -2.748499383642411e-08,
        1.0
      ]
    ],
    [
      [
        0.996099054813385,
        8.284766206401173e-10,
        -0.08824235945940018,
        1.3651863639552175e-08
      ],
      [
        -0.010276181623339653,
        0.9931960105895996,
        -0.11599976569414139,
        7.2115255989047e-09
      ],
      [
        0.08764196187257767,
        0.11645404994487762,
        0.9893215298652649,
        1.1002869606018066
      ],
      [
        -5.08167197210696e-09,
        -4.714411971917798e-09,
        -4.1546783791091e-08,
        0.9999999403953552
      ]
    ],
    [
      [
        0.9951847195625305,
        -1.8547929858669931e-10,
        -0.0980171486735344,
        -1.227723522845281e-08
      ],
      [
        -0.011733012273907661,
        0.9928097128868103,
        -0.11912726610898972,
        -2.286400402340405e-08
      ],
      [
        0.09731236845254898,
        0.11970365792512894,
        0.9880290031433105,
        1.1080175638198853
      ],
      [
        -4.703288869478683e-09,
        -6.751675218907849e-09,
        -3.91320043036103e-08,
        0.9999999403953552
      ]
    ],
    [
      [
        0.9941744804382324,
        4.515743334820854e-10,
        -0.10778246074914932,
        -8.019746644549741e-09
      ],
      [
        -0.01325206458568573,
        0.9924126267433167,
        -0.12223570793867111,
        -8.23928214543912e-09
      ],
      [
        0.10696466267108917,
        0.12295196205377579,
        0.9866312146186829,
        1.1157478094100952
      ],
      [
        -1.096952750856417e-09,
        -4.431468081378398e-09,
        -6.060234625238081e-08,
        0.9999999403953552
      ]
    ],
    [
      [
        0.9930684566497803,
        2.896395567830723e-09,
        -0.11753737926483154,
        -1.0194360910986688e-08
      ],
      [
        -0.014833097346127033,
        0.9920049905776978,
        -0.12532420456409454,
        6.382197881293905e-09
      ],
      [
        0.11659765988588333,
        0.12619894742965698,
        0.9851287007331848,
        1.1234781742095947
      ],
      [
        -7.807116730873531e-09,
        -9.305995973818426e-09,
        -1.73322227681183e-08,
        0.9999999403953552
      ]
    ],
    [
      [
        0.9918666481971741,
        3.5518112895260856e-09,
        -0.12728099524974823,
        2.601515802780341e-08
      ],
      [
        -0.016475839540362358,
        0.9915866255760193,
        -0.1283918023109436,
        1.4901161193847656e-08
      ],
      [
        0.12621013820171356,
        0.12944459915161133,
        0.9835217595100403,
        1.1312084197998047
      ],
      [
        -1.98889882341291e-09,
        -6.818225983806769e-09,
        -3.7201441926981715e-08,
        1.0
      ]
    ],
    [
      [
        0.9905692934989929,
        -4.0518397526057015e-09,
        -0.13701234757900238,
        1.0419421769825021e-08
      ],
      [
        -0.018180014565587044,
        0.9911577105522156,
        -0.1314375251531601,
        5.813078907124236e-09
      ],
      [
        0.13580083847045898,
        0.13268887996673584,
        0.981810450553894,
        1.1389387845993042
      ],
      [
        -8.312099453178234e-09,
        -1.077688693840173e-08,
        -2.3544146188214654e-08,
        0.9999999403953552
      ]
    ],
    [
      [
        0.9891764521598816,
        -9.846794490897537e-10,
        -0.1467304676771164,
        -1.3858596048521576e-08
      ],
      [
        -0.01994531974196434,
        0.9907181262969971,
        -0.13446044921875,
        -1.4901161193847656e-08
      ],
      [
        0.1453685462474823,
        0.13593171536922455,
        0.9799951910972595,
        1.1466693878173828
      ],
      [
        5.996250607154252e-09,
        7.979953586811916e-09,
        2.740016569191539e-08,
        1.0
      ]
    ],
    [
      [
        0.9876883625984192,
        9.833023284500086e-12,
        -0.15643444657325745,
        -8.21582446519642e-09
      ],
      [
        -0.021771470084786415,
        0.9902681112289429,
        -0.1374596655368805,
        -2.9802322387695312e-08
      ],
      [
        0.1549120545387268,
        0.13917312026023865,
        0.9780762791633606,
        1.1543997526168823
      ],
      [
        -4.834017630628296e-09,
        3.8378740185862625e-09,
        2.4111006524663026e-08,
        1.0
      ]
    ],
    [
      [
        0.9861049652099609,
        -3.22312354583687e-09,
        -0.16612336039543152,
        -8.565539388882826e-09
      ],
      [
        -0.02365812472999096,
        0.9898072481155396,
        -0.140434131026268,
        -1.4901161193847656e-08
      ],
      [
        0.16443012654781342,
        0.14241299033164978,
        0.9760538935661316,
        1.1621301174163818
      ],
      [
        -7.991132200402262e-09,
        -7.56306484106517e-09,
        -3.1457300764259344e-08,
        1.0
      ]
    ],
    [
      [
        0.9844265580177307,
        1.0260297056419176e-09,
        -0.1757963001728058,
        -3.102135792687477e-08
      ],
      [
        -0.025604968890547752,
        0.9893358945846558,
        -0.14338307082653046,
        -1.4901161193847656e-08
      ],
      [
        0.1739215850830078,
        0.14565135538578033,
        0.9739286303520203,
        1.1698604822158813
      ],
      [
        -6.012328412907664e-09,
        4.17372358896273e-09,
        -7.856293393615488e-10,
        1.0
      ]
    ],
    [
      [
        0.9826533198356628,
        -3.12961923043531e-09,
        -0.18545225262641907,
        6.895945148244209e-09
      ],
      [
        -0.027611644938588142,
        0.9888540506362915,
        -0.14630545675754547,
        -1.4901161193847656e-08
      ],
      [
        0.1833851933479309,
        0.14888818562030792,
        0.9717006683349609,
        1.1775907278060913
      ],
      [
        1.9111112692371535e-10,
        2.2753088302351898e-10,
        2.7961391424469184e-08,
        1.0
      ]
    ],
    [
      [
        0.9807853102684021,
        -4.592435765005121e-09,
        -0.19509035348892212,
        2.4386777042195718e-08
      ],
      [
        -0.029677804559469223,
        0.9883614778518677,
        -0.14920039474964142,
        0.0
      ],
      [
        0.19281978905200958,
        0.15212339162826538,
        0.969370424747467,
        1.1853209733963013
      ],
      [
        -6.860698675836829e-10,
        -5.238725009348855e-09,
        -4.3218072676154407e-08,
        1.0
      ]
    ],
    [
      [
        0.9788227081298828,
        -1.2791394610189855e-09,
        -0.20470958948135376,
        1.891549317178942e-08
      ],
      [
        -0.03180306404829025,
        0.9878584146499634,
        -0.1520669311285019,
        0.0
      ],
      [
        0.20222410559654236,
        0.1553569883108139,
        0.9669382572174072,
        1.1930514574050903
      ],
      [
        3.202506704269581e-09,
        -1.0693961272068009e-09,
        1.1489547091514396e-08,
        1.0
      ]
    ],
    [
      [
        0.9767658710479736,
        3.2872549127205275e-09,
        -0.21430914103984833,
        2.2641017949354136e-09
      ],
      [
        -0.033987049013376236,
        0.9873446822166443,
        -0.15490420162677765,
        1.4901161193847656e-08
      ],
      [
        0.2115970104932785,
        0.15858888626098633,
        0.9644045829772949,
        1.2007817029953003
      ],
      [
        3.580758800580952e-09,
        -2.204387783422135e-09,
        -2.041133484453894e-09,
        1.0
      ]
    ],
    [
      [
        0.9746148586273193,
        -7.386162792499817e-10,
        -0.22388802468776703,
        8.83144224417265e-09
      ],
      [
        -0.03622935712337494,
        0.9868203401565552,
        -0.15771129727363586,
        -1.4901161193847656e-08
      ],
      [
        0.22093729674816132,
        0.16181910037994385,
        0.9617698192596436,
        1.2085121870040894
      ],
      [
        9.997107142112327e-09,
        3.5852423252435983e-09,
        3.762551159525174e-09,
        1.0
      ]
    ],
    [
      [
        0.972369909286499,
        3.9097249882047436e-09,
        -0.23344536125659943,
        3.195329867367036e-08
      ],
      [
        -0.03852959722280502,
        0.9862855672836304,
        -0.1604873239994049,
        1.4901161193847656e-08
      ],
      [
        0.23024378716945648,
        0.16504758596420288,
        0.9590343832969666,
        1.2162421941757202
      ],
      [
        1.4645200607787956e-09,
        -5.779305922715139e-10,
        -1.2595339882182088e-08,
        1.0
      ]
    ],
    [
      [
        0.9700312614440918,
        -1.2794618697853366e-09,
        -0.2429801970720291,
        3.234038814525775e-09
      ],
      [
        -0.04088732972741127,
        0.9857401847839355,
        -0.16323137283325195,
        -1.4901161193847656e-08
      ],
      [
        0.23951534926891327,
        0.16827434301376343,
        0.9561988711357117,
        1.2239729166030884
      ],
      [
        9.343930074123818e-10,
        2.4316939573054697e-09,
        5.14120657157946e-09,
        1.0
      ]
    ],
    [
      [
        0.967599093914032,
        -2.3218307276806627e-09,
        -0.2524915933609009,
        1.2699736373633641e-08
      ],
      [
        -0.04330211505293846,
        0.9851843118667603,
        -0.16594251990318298,
        2.9802322387695312e-08
      ],
      [
        0.2487507164478302,
        0.17149926722049713,
        0.9532633423805237,
        1.2317031621932983
      ],
      [
        4.10346956414287e-09,
        5.167663630345487e-09,
        -6.997993295954075e-09,
        1.0
      ]
    ],
    [
      [
        0.9650737047195435,
        3.7682656994775243e-10,
        -0.2619786560535431,
        -1.3666870302131429e-08
      ],
      [
        -0.04577350988984108,
        0.9846177101135254,
        -0.16861990094184875,
        -1.4901161193847656e-08
      ],
      [
        0.2579488158226013,
        0.1747223287820816,
        0.9502286911010742,
        1.2394336462020874
      ],
      [
        1.36460442945463e-08,
        1.120392667530723e-08,
        4.8134779717656784e-08,
        1.0
      ]
    ],
    [
      [
        0.9624552130699158,
        -4.522531682482622e-09,
        -0.2714404761791229,
        -4.230886929690314e-08
      ],
      [
        -0.04830107465386391,
        0.9840406179428101,
        -0.1712627112865448,
        -1.4901161193847656e-08
      ],
      [
        0.2671084702014923,
        0.17794354259967804,
        0.9470952749252319,
        1.247164011001587
      ],
      [
        -5.726084495449868e-09,
        -4.618832427638608e-09,
        8.178339783171396e-09,
        1.0
      ]
    ],
    [
      [
        0.9597440361976624,
        -9.308578796662914e-09,
        -0.28087615966796875,
        -7.430965354160435e-08
      ],
      [
        -0.050884321331977844,
        0.9834531545639038,
        -0.17386998236179352,
        -1.4901161193847656e-08
      ],
      [
        0.27622851729393005,
        0.18116287887096405,
        0.9438633322715759,
        1.2548943758010864
      ],
      [
        1.1612319994469544e-08,
        1.3023280232005163e-09,
        1.851017117360243e-09,
        1.0
      ]
    ],
    [
      [
        0.9569403529167175,
        -1.183293019124676e-09,
        -0.2902846336364746,
        5.375154188413944e-08
      ],
      [
        -0.0535227470099926,
        0.9828550219535828,
        -0.17644086480140686,
        1.4901161193847656e-08
      ],
      [
        0.28530770540237427,
        0.18438021838665009,
        0.9405335187911987,
        1.2626245021820068
      ],
      [
        1.4800086489685782e-08,
        2.738760329634715e-09,
        4.353633187292871e-08,
        1.0
      ]
    ],
    [
      [
        0.9540444016456604,
        2.931199727385092e-09,
        -0.299665242433548,
        -3.8878546604337316e-08
      ],
      [
        -0.05621588975191116,
        0.9822463393211365,
        -0.17897453904151917,
        -1.4901161193847656e-08
      ],
      [
        0.29434511065483093,
        0.18759559094905853,
        0.9371065497398376,
        1.270354986190796
      ],
      [
        -7.115712463701129e-10,
        2.9330227135915266e-10,
        7.572612759076947e-09,
        1.0
      ]
    ],
    [
      [
        0.9510564804077148,
        -3.625127753537072e-09,
        -0.30901697278022766,
        3.7439633615576895e-09
      ],
      [
        -0.05896322801709175,
        0.9816271662712097,
        -0.1814701408147812,
        1.4994464336837154e-08
      ],
      [
        0.30333948135375977,
        0.1908089965581894,
        0.9335829019546509,
        1.2780852317810059
      ],
      [
        -7.506855581596028e-09,
        -5.653863155430372e-09,
        -2.1078420786579954e-08,
        0.9999999403953552
      ]
    ],
    [
      [
        0.9479770064353943,
        1.2096202262057432e-08,
        -0.31833890080451965,
        6.031233112935297e-08
      ],
      [
        -0.06176421791315079,
        0.9809975028038025,
        -0.1839267760515213,
        2.9802322387695312e-08
      ],
      [
        0.31228965520858765,
        0.1940203160047531,
        0.9299629330635071,
        1.2858154773712158
      ],
      [
        -7.408882396475747e-09,
        7.008577718181641e-09,
        1.4075673959723645e-09,
        1.0
      ]
    ],
    [
      [
        0.9448060393333435,
        -6.601519331184136e-11,
        -0.3276301920413971,
        5.391598989490376e-08
      ],
      [
        -0.06461837142705917,
        0.98035728931427,
        -0.1863437294960022,
        -2.9802322387695312e-08
      ],
      [
        0.3211946487426758,
        0.19722960889339447,
        0.9262475371360779,
        1.2935459613800049
      ],
      [
        -2.0919515009154566e-09,
        5.246997503149942e-09,
        -9.876622186766326e-09,
        1.0
      ]
    ],
    [
      [
        0.9415440559387207,
        8.445119270561463e-09,
        -0.3368898034095764,
        7.854087158420953e-08
      ],
      [
        -0.06752510368824005,
        0.9797066450119019,
        -0.18872001767158508,
        2.9802322387695312e-08
      ],
      [
        0.3300532102584839,
        0.2004367560148239,
        0.9224368929862976,
        1.3012763261795044
      ],
      [
        1.3361521666865883e-08,
        8.855237432214835e-09,
        9.568022818484678e-09,
        1.0
      ]
    ],
    [
      [
        0.9381913542747498,
        3.551615002095332e-09,
        -0.3461170196533203,
        1.4863815067656105e-08
      ],
      [
        -0.07048386335372925,
        0.9790453910827637,
        -0.19105489552021027,
        -2.9802322387695312e-08
      ],
      [
        0.3388642966747284,
        0.20364172756671906,
        0.9185318946838379,
        1.309006690979004
      ],
      [
        1.9661367645085193e-08,
        1.0511735482054974e-08,
        1.9986430288554402e-08,
        1.0
      ]
    ],
    [
      [
        0.9347481727600098,
        7.05502145592618e-09,
        -0.35531085729599,
        -6.476113867392996e-09
      ],
      [
        -0.07349412888288498,
        0.9783738851547241,
        -0.19334758818149567,
        0.0
      ],
      [
        0.34762686491012573,
        0.20684456825256348,
        0.9145330786705017,
        1.316737174987793
      ],
      [
        7.90598519984087e-09,
        8.524665418008226e-10,
        -2.2434488045064427e-08,
        1.0
      ]
    ],
    [
      [
        0.9312149286270142,
        5.440933481537513e-09,
        -0.3644704818725586,
        9.333302131153687e-09
      ],
      [
        -0.07655525952577591,
        0.9776915907859802,
        -0.19559720158576965,
        -1.696024654052053e-08
      ],
      [
        0.3563397228717804,
        0.21004514396190643,
        0.9104410409927368,
        1.3244673013687134
      ],
      [
        -7.757098074989699e-09,
        -5.0678305996143536e-09,
        -3.046821461794025e-09,
        0.9999999403953552
      ]
    ],
    [
      [
        0.9275919198989868,
        -1.1137624156276615e-10,
        -0.3735949695110321,
        -1.311144899318606e-07
      ],
      [
        -0.07966671884059906,
        0.976999044418335,
        -0.19780299067497253,
        -1.733127774627974e-08
      ],
      [
        0.365001916885376,
        0.2132435292005539,
        0.9062564373016357,
        1.332197904586792
      ],
      [
        -1.3079841210128507e-08,
        -6.788543061020391e-09,
        -1.8237017229694175e-08,
        0.9999999403953552
      ]
    ],
    [
      [
        0.9238795042037964,
        -7.610399421764669e-09,
        -0.3826834559440613,
        -6.055846313302027e-08
      ],
      [
        -0.0828278586268425,
        0.9762959480285645,
        -0.19996413588523865,
        -2.9802322387695312e-08
      ],
      [
        0.37361231446266174,
        0.21643958985805511,
        0.901979923248291,
        1.339928150177002
      ],
      [
        3.836472473039976e-09,
        -2.46166642625667e-09,
        2.2849633296573302e-08,
        1.0
      ]
    ],
    [
      [
        0.9200780391693115,
        6.562122401021497e-09,
        -0.3917349576950073,
        8.920359562125668e-09
      ],
      [
        -0.08603807538747787,
        0.9755825400352478,
        -0.20207984745502472,
        0.0
      ],
      [
        0.38216978311538696,
        0.21963338553905487,
        0.8976119756698608,
        1.3476585149765015
      ],
      [
        1.6520544932063785e-08,
        9.41260935860555e-09,
        6.141078756627394e-09,
        1.0
      ]
    ],
    [
      [
        0.9161879420280457,
        -6.52509157816894e-09,
        -0.4007488489151001,
        -8.913433191537479e-08
      ],
      [
        -0.08929676562547684,
        0.9748584628105164,
        -0.20414939522743225,
        -5.960464477539063e-08
      ],
      [
        0.39067342877388,
        0.2228248119354248,
        0.893153727054596,
        1.35538911819458
      ],
      [
        1.524356285642625e-08,
        3.575237883524096e-09,
        1.6230909949399575e-08,
        1.0
      ]
    ],
    [
      [
        0.9122095704078674,
        -3.604261777923057e-09,
        -0.40972405672073364,
        8.424656527949992e-09
      ],
      [
        -0.09260329604148865,
        0.9741241335868835,
        -0.20617195963859558,
        0.0
      ],
      [
        0.39912208914756775,
        0.22601380944252014,
        0.8886052966117859,
        1.3631192445755005
      ],
      [
        -1.1371218633371427e-08,
        -2.9771118903454408e-09,
        -2.635236384662676e-08,
        1.0
      ]
    ],
    [
      [
        0.9081432223320007,
        -1.4386269953092778e-10,
        -0.4186597764492035,
        2.5895133148878813e-08
      ],
      [
        -0.09595698118209839,
        0.9733792543411255,
        -0.20814678072929382,
        0.0
      ],
      [
        0.4075147211551666,
        0.22920039296150208,
        0.8839676976203918,
        1.370849609375
      ],
      [
        7.83069609155973e-10,
        -5.550374382323753e-09,
        -2.8752378256058364e-08,
        1.0
      ]
    ],
    [
      [
        0.9039892554283142,
        1.065968824320862e-08,
        -0.42755505442619324,
        3.8039075889173546e-08
      ],
      [
        -0.09935717284679413,
        0.9726239442825317,
        -0.21007312834262848,
        0.0
      ],
      [
        0.41585031151771545,
        0.23238451778888702,
        0.8792417049407959,
        1.37857985496521
      ],
      [
        -3.9280738661773285e-09,
        6.998834400917531e-09,
        2.172500046526693e-08,
        1.0
      ]
    ],
    [
      [
        0.8997482657432556,
        -6.41070663220944e-09,
        -0.43640926480293274,
        5.657312840412487e-09
      ],
      [
        -0.10280326008796692,
        0.9718582630157471,
        -0.21195028722286224,
        0.0
      ],
      [
        0.4241279661655426,
        0.235566183924675,
        0.8744279146194458,
        1.386310338973999
      ],
      [
        1.732857413117017e-08,
        2.03205274829088e-09,
        3.493494205031311e-08,
        1.0
      ]
    ],
    [
      [
        0.8954205513000488,
        8.988680022525841e-09,
        -0.44522133469581604,
        5.286432269713259e-08
      ],
      [
        -0.10629449784755707,
        0.9710821509361267,
        -0.21377745270729065,
        0.0
      ],
      [
        0.4323464632034302,
        0.2387452870607376,
        0.8695269823074341,
        1.394040584564209
      ],
      [
        -1.6149137138654623e-08,
        2.159956657976636e-09,
        6.160483678741002e-09,
        1.0
      ]
    ],
    [
      [
        0.8910065293312073,
        1.4167351736205092e-08,
        -0.45399051904678345,
        -2.561551681878882e-08
      ],
      [
        -0.10983022302389145,
        0.9702956676483154,
        -0.21555396914482117,
        2.9802322387695312e-08
      ],
      [
        0.4405049979686737,
        0.24192185699939728,
        0.8645398020744324,
        1.4017709493637085
      ],
      [
        -2.8837980892149062e-09,
        3.026544348472271e-09,
        -1.6957031334641215e-09,
        1.0
      ]
    ],
    [
      [
        0.8865065574645996,
        5.4054645204359986e-09,
        -0.46271592378616333,
        -5.2309481191059604e-08
      ],
      [
        -0.11340977251529694,
        0.969498872756958,
        -0.2172791212797165,
        -5.960464477539063e-08
      ],
      [
        0.448602557182312,
        0.24509590864181519,
        0.8594671487808228,
        1.4095014333724976
      ],
      [
        6.93785295879934e-09,
        7.462062967533711e-09,
        2.0371544451336376e-08,
        1.0
      ]
    ],
    [
      [
        0.8819212913513184,
        1.6006040937099897e-09,
        -0.47139668464660645,
        3.9251418115782144e-08
      ],
      [
        -0.11703234910964966,
        0.9686915278434753,
        -0.21895214915275574,
        0.0
      ],
      [
        0.45663800835609436,
        0.24826723337173462,
        0.8543097376823425,
        1.4172316789627075
      ],
      [
        -4.825496446869693e-09,
        -1.4464838216099452e-09,
        -5.5689461930796824e-09,
        1.0
      ]
    ],
    [
      [
        0.8772509098052979,
        -6.992536327743437e-09,
        -0.48003217577934265,
        -7.131757229217328e-08
      ],
      [
        -0.12069732695817947,
        0.9678739309310913,
        -0.22057241201400757,
        2.9802322387695312e-08
      ],
      [
        0.46461063623428345,
        0.2514359652996063,
        0.8490683436393738,
        1.4249621629714966
      ],
      [
        1.666986548798377e-08,
        1.5817438026033415e-08,
        9.906564457651257e-09,
        1.0
      ]
    ],
    [
      [
        0.8724960088729858,
        -1.016968553813058e-08,
        -0.4886212646961212,
        1.3000331477996951e-08
      ],
      [
        -0.12440391629934311,
        0.9670459628105164,
        -0.22213919460773468,
        0.0
      ],
      [
        0.472519189119339,
        0.25460195541381836,
        0.8437437415122986,
        1.4326924085617065
      ],
      [
        1.5335542613570396e-08,
        -6.256954065975151e-09,
        -7.887901887215776e-09,
        1.0
      ]
    ],
    [
      [
        0.867656946182251,
        -2.3130619197786473e-08,
        -0.4971632659435272,
        8.82785400335706e-09
      ],
      [
        -0.12815138697624207,
        0.9662075042724609,
        -0.22365178167819977,
        0.0
      ],
      [
        0.4803628623485565,
        0.2577652037143707,
        0.838336706161499,
        1.440422773361206
      ],
      [
        -5.245796685926507e-09,
        -7.279345126676162e-09,
        -5.3785385034643696e-09,
        1.0
      ]
    ],
    [
      [
        0.8627343773841858,
        2.4729821745950176e-08,
        -0.5056573748588562,
        -8.941327678257949e-08
      ],
      [
        -0.13193903863430023,
        0.9653589129447937,
        -0.22510963678359985,
        -2.9802322387695312e-08
      ],
      [
        0.4881408214569092,
        0.2609257400035858,
        0.832848310470581,
        1.4481532573699951
      ],
      [
        -2.167055868085299e-09,
        -4.860710944853963e-09,
        3.339707177474338e-09,
        1.0
      ]
    ],
    [
      [
        0.8577286005020142,
        9.673298606571734e-09,
        -0.5141027569770813,
        -2.4074864768408588e-08
      ],
      [
        -0.13576604425907135,
        0.964499831199646,
        -0.22651195526123047,
        0.0
      ],
      [
        0.4958520233631134,
        0.26408347487449646,
        0.8272790908813477,
        1.455883502960205
      ],
      [
        -1.09404130199664e-08,
        -1.0530438743217019e-09,
        8.557776709494647e-10,
        1.0
      ]
    ],
    [
      [
        0.8526401519775391,
        -4.8307242650480475e-09,
        -0.522498607635498,
        -1.3884786653761694e-07
      ],
      [
        -0.13963167369365692,
        0.9636303782463074,
        -0.22785818576812744,
        -5.399560976115936e-08
      ],
      [
        0.5034955143928528,
        0.2672383785247803,
        0.82163006067276,
        1.4636138677597046
      ],
      [
        -2.222845552068975e-08,
        2.5058000119315693e-09,
        -2.5416376558951015e-08,
        0.9999999403953552
      ]
    ],
    [
      [
        0.8474695086479187,
        -1.1733161997540265e-08,
        -0.5308440327644348,
        -8.995009181944624e-08
      ],
      [
        -0.14353515207767487,
        0.9627507925033569,
        -0.22914765775203705,
        -5.960464477539063e-08
      ],
      [
        0.5110704302787781,
        0.27039042115211487,
        0.8159019351005554,
        1.471344232559204
      ],
      [
        -1.8688073311068365e-08,
        -9.65711066669428e-10,
        7.198135421049301e-09,
        1.0
      ]
    ],
    [
      [
        0.842217206954956,
        9.040284965067258e-09,
        -0.5391383767127991,
        -2.534898158046417e-08
      ],
      [
        -0.14747567474842072,
        0.9618607759475708,
        -0.23037974536418915,
        -2.9802322387695312e-08
      ],
      [
        0.5185759663581848,
        0.2735395133495331,
        0.8100956678390503,
        1.479074478149414
      ],
      [
        -2.293591450097665e-08,
        -7.3373662701214926e-09,
        -1.99626839503253e-08,
        1.0
      ]
    ],
    [
      [
        0.8368837237358093,
        -1.917847924914895e-08,
        -0.5473806858062744,
        1.2957883654962643e-08
      ],
      [
        -0.1514524221420288,
        0.9609604477882385,
        -0.2315538227558136,
        8.940696716308594e-08
      ],
      [
        0.5260111093521118,
        0.27668577432632446,
        0.8042121529579163,
        1.486804723739624
      ],
      [
        -1.1398647359328606e-08,
        1.7244410344119387e-09,
        1.4894521171981978e-08,
        1.0
      ]
    ],
    [
      [
        0.8314695358276367,
        4.305782397295843e-10,
        -0.5555702447891235,
        -1.4217953037132247e-07
      ],
      [
        -0.15546467900276184,
        0.9600498080253601,
        -0.23266932368278503,
        -2.9802322387695312e-08
      ],
      [
        0.5333751440048218,
        0.2798289954662323,
        0.7982522249221802,
        1.4945353269577026
      ],
      [
        5.2261910354900465e-09,
        3.767505418750261e-09,
        -2.449306890639491e-08,
        1.0
      ]
    ],
    [
      [
        0.8259753584861755,
        3.028851836006652e-08,
        -0.5637062191963196,
        7.251949796227564e-08
      ],
      [
        -0.1595115065574646,
        0.9591289758682251,
        -0.23372559249401093,
        5.960464477539063e-08
      ],
      [
        0.5406668782234192,
        0.28296923637390137,
        0.7922167181968689,
        1.502265453338623
      ],
      [
        -4.848601520279772e-09,
        5.0989683586522005e-09,
        -3.2969467156362953e-09,
        1.0
      ]
    ],
    [
      [
        0.8204014301300049,
        -7.898973031217338e-09,
        -0.57178795337677,
        -4.401086428629242e-08
      ],
      [
        -0.16359221935272217,
        0.958197832107544,
        -0.23472216725349426,
        -1.4184856844678961e-08
      ],
      [
        0.5478860139846802,
        0.2861064672470093,
        0.7861068248748779,
        1.509995937347412
      ],
      [
        0.0,
        -7.928157685910264e-09,
        2.0295871649977926e-08,
        0.9999999403953552
      ]
    ],
    [
      [
        0.8147485256195068,
        -2.9346125529627898e-09,
        -0.579814612865448,
        1.0024860941371116e-08
      ],
      [
        -0.16770589351654053,
        0.9572563767433167,
        -0.23565836250782013,
        -1.226351908911738e-08
      ],
      [
        0.5550310015678406,
        0.28924059867858887,
        0.7799232006072998,
        1.517726182937622
      ],
      [
        0.0,
        -1.116873704631871e-08,
        -6.804299346185871e-09,
        1.0
      ]
    ],
    [
      [
        0.80901700258255,
        -2.6843360867445654e-09,
        -0.5877851843833923,
        -5.814159464989643e-08
      ],
      [
        -0.17185178399085999,
        0.956304669380188,
        -0.23653364181518555,
        -3.5262393005552894e-09
      ],
      [
        0.5621019601821899,
        0.2923716902732849,
        0.7736667990684509,
        1.5254567861557007
      ],
      [
        1.1920928955078125e-07,
        2.2595884274778655e-08,
        1.4474551335297292e-08,
        1.0
      ]
    ],
    [
      [
        0.803207516670227,
        -5.962801807868345e-09,
        -0.5956993103027344,
        7.571379256887667e-08
      ],
      [
        -0.17602893710136414,
        0.9553427696228027,
        -0.23734748363494873,
        -4.183881574526538e-10
      ],
      [
        0.5690970420837402,
        0.2954995930194855,
        0.7673385739326477,
        1.5331870317459106
      ],
      [
        0.0,
        -4.796273600504719e-09,
        2.48553888582137e-08,
        1.0
      ]
    ],
    [
      [
        0.7973207235336304,
        1.7312874689423552e-08,
        -0.6035559177398682,
        -3.183357577540846e-08
      ],
      [
        -0.18023648858070374,
        0.9543706774711609,
        -0.23809939622879028,
        4.202390613272655e-08
      ],
      [
        0.5760160684585571,
        0.2986243963241577,
        0.7609394788742065,
        1.5409172773361206
      ],
      [
        0.0,
        -7.649347821825359e-10,
        -4.5989700936388545e-08,
        0.9999999403953552
      ]
    ],
    [
      [
        0.7913568615913391,
        1.1742237182588156e-09,
        -0.611354410648346,
        -2.2155694168191076e-08
      ],
      [
        -0.18447372317314148,
        0.9533883929252625,
        -0.23878876864910126,
        1.070358290888862e-08
      ],
      [
        0.5828583240509033,
        0.3017459511756897,
        0.7544704079627991,
        1.5486476421356201
      ],
      [
        0.0,
        -1.217629375105389e-08,
        2.949175126332193e-08,
        0.9999999403953552
      ]
    ],
    [
      [
        0.7853168845176697,
        8.063365086741214e-09,
        -0.6190938949584961,
        -4.957562360630163e-09
      ],
      [
        -0.18873968720436096,
        0.9523957967758179,
        -0.23941506445407867,
        -1.945511662881927e-08
      ],
      [
        0.589622437953949,
        0.3048642873764038,
        0.747932493686676,
        1.5563781261444092
      ],
      [
        0.0,
        1.3709659185678902e-08,
        -1.493888746040284e-08,
        1.0
      ]
    ],
    [
      [
        0.7792012095451355,
        -2.4770439921439902e-08,
        -0.6267738342285156,
        -4.8716277234461813e-08
      ],
      [
        -0.1930333971977234,
        0.9513930082321167,
        -0.2399779111146927,
        3.7156837606744375e-08
      ],
      [
        0.5963082313537598,
        0.30797937512397766,
        0.7413265705108643,
        1.5641083717346191
      ],
      [
        0.0,
        8.094561465554762e-09,
        -1.3386213026933547e-08,
        0.9999999403953552
      ]
    ],
    [
      [
        0.7730104923248291,
        -4.5027577222356285e-09,
        -0.6343932747840881,
        2.6999380509096227e-08
      ],
      [
        -0.19735413789749146,
        0.9503800868988037,
        -0.24047672748565674,
        -5.2745874334902965e-09
      ],
      [
        0.6029148101806641,
        0.3110911548137665,
        0.7346537709236145,
        1.5718387365341187
      ],
      [
        0.0,
        9.660681143941474e-10,
        -2.2588920955968206e-08,
        1.0
      ]
    ],
    [
      [
        0.7667451500892639,
        -9.340081597031258e-09,
        -0.6419516205787659,
        -1.312947084386451e-08
      ],
      [
        -0.20170089602470398,
        0.9493569135665894,
        -0.24091094732284546,
        2.702013013333726e-08
      ],
      [
        0.6094412207603455,
        0.3141995370388031,
        0.7279147505760193,
        1.5795691013336182
      ],
      [
        0.0,
        -3.4386218317195016e-09,
        -2.9993586281307216e-08,
        1.0
      ]
    ],
    [
      [
        0.760405957698822,
        -5.2512096893053695e-09,
        -0.649448037147522,
        -4.1641911252554564e-08
      ],
      [
        -0.2060728669166565,
        0.9483236074447632,
        -0.24128033220767975,
        6.472515856614791e-09
      ],
      [
        0.6158870458602905,
        0.3173046410083771,
        0.7211109399795532,
        1.5872993469238281
      ],
      [
        0.0,
        -6.446096989520811e-10,
        1.0667754679616337e-08,
        0.9999999403953552
      ]
    ],
    [
      [
        0.7539933919906616,
        -1.1924941034635594e-08,
        -0.6568818688392639,
        7.130443435698908e-08
      ],
      [
        -0.2104690968990326,
        0.9472801089286804,
        -0.24158428609371185,
        -2.6693719235026947e-08
      ],
      [
        0.6222512125968933,
        0.3204062879085541,
        0.7142430543899536,
        1.5950298309326172
      ],
      [
        0.0,
        -1.0600993860521157e-08,
        -1.708769303832014e-08,
        0.9999999403953552
      ]
    ],
    [
      [
        0.7475082874298096,
        -5.1648130217074595e-09,
        -0.6642524003982544,
        6.265187124654403e-08
      ],
      [
        -0.21488872170448303,
        0.9462265968322754,
        -0.24182236194610596,
        4.47212888943227e-09
      ],
      [
        0.6285333037376404,
        0.32350456714630127,
        0.7073122262954712,
        1.6027601957321167
      ],
