{
  "intrinsic": [
    [
      [
        [
          724.5848999023438,
          0.0,
          259.0
        ],
        [
          0.0,
          725.0519409179688,
          196.0
        ],
        [
          0.0,
          0.0,
          1.0
        ]
      ],
      [
        [
          721.1452026367188,
          0.0,
          259.0
        ],
        [
          0.0,
          721.9057006835938,
          196.0
        ],
        [
          0.0,
          0.0,
          1.0
        ]
      ],
      [
        [
          720.0125122070312,
          0.0,
          259.0
        ],
        [
          0.0,
          720.362548828125,
          196.0
        ],
        [
          0.0,
          0.0,
          1.0
        ]
      ],
      [
        [
          719.2491455078125,
          0.0,
          259.0
        ],
        [
          0.0,
          719.4826049804688,
          196.0
        ],
        [
          0.0,
          0.0,
          1.0
        ]
      ],
      [
        [
          720.1705932617188,
          0.0,
          259.0
        ],
        [
          0.0,
          720.4276733398438,
          196.0
        ],
        [
          0.0,
          0.0,
          1.0
        ]
      ],
      [
        [
          720.289306640625,
          0.0,
          259.0
        ],
        [
          0.0,
          720.3994140625,
          196.0
        ],
        [
          0.0,
          0.0,
          1.0
        ]
      ],
      [
        [
          719.6332397460938,
          0.0,
          259.0
        ],
        [
          0.0,
          720.0978393554688,
          196.0
        ],
        [
          0.0,
          0.0,
          1.0
        ]
      ],
      [
        [
          718.92138671875,
          0.0,
          259.0
        ],
        [
          0.0,
          719.4712524414062,
          196.0
        ],
        [
          0.0,
          0.0,
          1.0
        ]
      ],
      [
        [
          720.11474609375,
          0.0,
          259.0
        ],
        [
          0.0,
          720.7042846679688,
          196.0
        ],
        [
          0.0,
          0.0,
          1.0
        ]
      ],
      [
        [
          719.019775390625,
          0.0,
          259.0
        ],
        [
          0.0,
          719.889404296875,
          196.0
        ],
        [
          0.0,
          0.0,
          1.0
        ]
      ],
      [
        [
          719.0,
          0.0,
          259.0
        ],
        [
          0.0,
          719.5932006835938,
          196.0
        ],
        [
          0.0,
          0.0,
          1.0
        ]
      ],
      [
        [
          719.7150268554688,
          0.0,
          259.0
        ],
        [
          0.0,
          720.2022094726562,
          196.0
        ],
        [
          0.0,
          0.0,
          1.0
        ]
      ],
      [
        [
          719.2203369140625,
          0.0,
          259.0
        ],
        [
          0.0,
          719.8942260742188,
          196.0
        ],
        [
          0.0,
          0.0,
          1.0
        ]
      ],
      [
        [
          719.2923583984375,
          0.0,
          259.0
        ],
        [
          0.0,
          720.3497314453125,
          196.0
        ],
        [
          0.0,
          0.0,
          1.0
        ]
      ],
      [
        [
          718.8574829101562,
          0.0,
          259.0
        ],
        [
          0.0,
          719.7939453125,
          196.0
        ],
        [
          0.0,
          0.0,
          1.0
        ]
      ],
      [
        [
          717.2687377929688,
          0.0,
          259.0
        ],
        [
          0.0,
          718.3701171875,
          196.0
        ],
        [
          0.0,
          0.0,
          1.0
        ]
      ],
      [
        [
          717.4143676757812,
          0.0,
          259.0
        ],
        [
          0.0,
          718.27099609375,
          196.0
        ],
        [
          0.0,
          0.0,
          1.0
        ]
      ],
      [
        [
          718.4658203125,
          0.0,
          259.0
        ],
        [
          0.0,
          719.2198486328125,
          196.0
        ],
        [
          0.0,
          0.0,
          1.0
        ]
      ],
      [
        [
          719.1144409179688,
          0.0,
          259.0
        ],
        [
          0.0,
          719.81103515625,
          196.0
        ],
        [
          0.0,
          0.0,
          1.0
        ]
      ],
      [
        [
          720.0665283203125,
          0.0,
          259.0
        ],
        [
          0.0,
          720.5612182617188,
          196.0
        ],
        [
          0.0,
          0.0,
          1.0
        ]
      ],
      [
        [
          720.7362060546875,
          0.0,
          259.0
        ],
        [
          0.0,
          721.34228515625,
          196.0
        ],
        [
          0.0,
          0.0,
          1.0
        ]
      ],
      [
        [
          720.4292602539062,
          0.0,
          259.0
        ],
        [
          0.0,
          720.7166137695312,
          196.0
        ],
        [
          0.0,
          0.0,
          1.0
        ]
      ],
      [
        [
          720.5263671875,
          0.0,
          259.0
        ],
        [
          0.0,
          720.9924926757812,
          196.0
        ],
        [
          0.0,
          0.0,
          1.0
        ]
      ],
      [
        [
          719.6161499023438,
          0.0,
          259.0
        ],
        [
          0.0,
          720.2044677734375,
          196.0
        ],
        [
          0.0,
          0.0,
          1.0
        ]
      ],
      [
        [
          721.0726318359375,
          0.0,
          259.0
        ],
        [
          0.0,
          721.6320190429688,
          196.0
        ],
        [
          0.0,
          0.0,
          1.0
        ]
      ],
      [
        [
          723.2219848632812,
          0.0,
          259.0
        ],
        [
          0.0,
          723.4834594726562,
          196.0
        ],
        [
          0.0,
          0.0,
          1.0
        ]
      ],
      [
        [
          723.02587890625,
          0.0,
          259.0
        ],
        [
          0.0,
          723.23779296875,
          196.0
        ],
        [
          0.0,
          0.0,
          1.0
        ]
      ],
      [
        [
          722.718017578125,
          0.0,
          259.0
        ],
        [
          0.0,
          722.9650268554688,
          196.0
        ],
        [
          0.0,
          0.0,
          1.0
        ]
      ],
      [
        [
          724.0680541992188,
          0.0,
          259.0
        ],
        [
          0.0,
          723.768798828125,
          196.0
        ],
        [
          0.0,
          0.0,
          1.0
        ]
      ],
      [
        [
          724.2993774414062,
          0.0,
          259.0
        ],
        [
          0.0,
          724.0798950195312,
          196.0
        ],
        [
          0.0,
          0.0,
          1.0
        ]
      ],
      [
        [
          725.9917602539062,
          0.0,
          259.0
        ],
        [
          0.0,
          726.3259887695312,
          196.0
        ],
        [
          0.0,
          0.0,
          1.0
        ]
      ],
      [
        [
          726.9067993164062,
          0.0,
          259.0
        ],
        [
          0.0,
          727.2858276367188,
          196.0
        ],
        [
          0.0,
          0.0,
          1.0
        ]
      ],
      [
        [
          726.1196899414062,
          0.0,
          259.0
        ],
        [
          0.0,
          726.244140625,
          196.0
        ],
        [
          0.0,
          0.0,
          1.0
        ]
      ],
      [
        [
          727.82763671875,
          0.0,
          259.0
        ],
        [
          0.0,
          727.9041137695312,
          196.0
        ],
        [
          0.0,
          0.0,
          1.0
        ]
      ],
      [
        [
          729.7071533203125,
          0.0,
          259.0
        ],
        [
          0.0,
          729.605712890625,
          196.0
        ],
        [
          0.0,
          0.0,
          1.0
        ]
      ],
      [
        [
          727.9677124023438,
          0.0,
          259.0
        ],
        [
          0.0,
          727.9669799804688,
          196.0
        ],
        [
          0.0,
          0.0,
          1.0
        ]
      ],
      [
        [
          727.1553344726562,
          0.0,
          259.0
        ],
        [
          0.0,
          727.59814453125,
          196.0
        ],
        [
          0.0,
          0.0,
          1.0
        ]
      ],
      [
        [
          726.3548583984375,
          0.0,
          259.0
        ],
        [
          0.0,
          726.744873046875,
          196.0
        ],
        [
          0.0,
          0.0,
          1.0
        ]
      ],
      [
        [
          728.3878784179688,
          0.0,
          259.0
        ],
        [
          0.0,
          728.62158203125,
          196.0
        ],
        [
          0.0,
          0.0,
          1.0
        ]
      ],
      [
        [
          729.7188110351562,
          0.0,
          259.0
        ],
        [
          0.0,
          729.7224731445312,
          196.0
        ],
        [
          0.0,
          0.0,
          1.0
        ]
      ],
      [
        [
          733.1080932617188,
          0.0,
          259.0
        ],
        [
          0.0,
          732.7955322265625,
          196.0
        ],
        [
          0.0,
          0.0,
          1.0
        ]
      ],
      [
        [
          730.52587890625,
          0.0,
          259.0
        ],
        [
          0.0,
          730.4382934570312,
          196.0
        ],
        [
          0.0,
          0.0,
          1.0
        ]
      ],
      [
        [
          730.154541015625,
          0.0,
          259.0
        ],
        [
          0.0,
          730.039306640625,
          196.0
        ],
        [
          0.0,
          0.0,
          1.0
        ]
      ],
      [
        [
          728.64892578125,
          0.0,
          259.0
        ],
        [
          0.0,
          729.0775146484375,
          196.0
        ],
        [
          0.0,
          0.0,
          1.0
        ]
      ],
      [
        [
          730.2360229492188,
          0.0,
          259.0
        ],
        [
          0.0,
          730.4566650390625,
          196.0
        ],
        [
          0.0,
          0.0,
          1.0
        ]
      ],
      [
        [
          733.4036865234375,
          0.0,
          259.0
        ],
        [
          0.0,
          733.7527465820312,
          196.0
        ],
        [
          0.0,
          0.0,
          1.0
        ]
      ],
      [
        [
          733.8915405273438,
          0.0,
          259.0
        ],
        [
          0.0,
          734.7564697265625,
          196.0
        ],
        [
          0.0,
          0.0,
          1.0
        ]
      ],
      [
        [
          732.3212280273438,
          0.0,
          259.0
        ],
        [
          0.0,
          733.1567993164062,
          196.0
        ],
        [
          0.0,
          0.0,
          1.0
        ]
      ],
      [
        [
          732.0984497070312,
          0.0,
          259.0
        ],
        [
          0.0,
          733.00830078125,
          196.0
        ],
        [
          0.0,
          0.0,
          1.0
        ]
      ],
      [
        [
          733.1448974609375,
          0.0,
          259.0
        ],
        [
          0.0,
          734.2802734375,
          196.0
        ],
        [
          0.0,
          0.0,
          1.0
        ]
      ],
      [
        [
          733.710205078125,
          0.0,
          259.0
        ],
        [
          0.0,
          734.5067749023438,
          196.0
        ],
        [
          0.0,
          0.0,
          1.0
        ]
      ],
      [
        [
          736.2119750976562,
          0.0,
          259.0
        ],
        [
          0.0,
          737.2982177734375,
          196.0
        ],
        [
          0.0,
          0.0,
          1.0
        ]
      ],
      [
        [
          734.1900634765625,
          0.0,
          259.0
        ],
        [
          0.0,
          734.9456787109375,
          196.0
        ],
        [
          0.0,
          0.0,
          1.0
        ]
      ],
      [
        [
          735.6107788085938,
          0.0,
          259.0
        ],
        [
          0.0,
          736.208740234375,
          196.0
        ],
        [
          0.0,
          0.0,
          1.0
        ]
      ],
      [
        [
          733.906494140625,
          0.0,
          259.0
        ],
        [
          0.0,
          733.9864501953125,
          196.0
        ],
        [
          0.0,
          0.0,
          1.0
        ]
      ],
      [
        [
          733.1187133789062,
          0.0,
          259.0
        ],
        [
          0.0,
          733.701171875,
          196.0
        ],
        [
          0.0,
          0.0,
          1.0
        ]
      ],
      [
        [
          731.1769409179688,
          0.0,
          259.0
        ],
        [
          0.0,
          731.4925537109375,
          196.0
        ],
        [
          0.0,
          0.0,
          1.0
        ]
      ],
      [
        [
          734.85986328125,
          0.0,
          259.0
        ],
        [
          0.0,
          735.1365966796875,
          196.0
        ],
        [
          0.0,
          0.0,
          1.0
        ]
      ],
      [
        [
          735.8792114257812,
          0.0,
          259.0
        ],
        [
          0.0,
          735.7490234375,
          196.0
        ],
        [
          0.0,
          0.0,
          1.0
        ]
      ],
      [
        [
          735.0166015625,
          0.0,
          259.0
        ],
        [
          0.0,
          735.2651977539062,
          196.0
        ],
        [
          0.0,
          0.0,
          1.0
        ]
      ],
      [
        [
          733.9296264648438,
          0.0,
          259.0
        ],
        [
          0.0,
          734.4642944335938,
          196.0
        ],
        [
          0.0,
          0.0,
          1.0
        ]
      ],
      [
        [
          735.7634887695312,
          0.0,
          259.0
        ],
        [
          0.0,
          736.2359619140625,
          196.0
        ],
        [
          0.0,
          0.0,
          1.0
        ]
      ],
      [
        [
          740.7719116210938,
          0.0,
          259.0
        ],
        [
          0.0,
          741.1141357421875,
          196.0
        ],
        [
          0.0,
          0.0,
          1.0
        ]
      ],
      [
        [
          743.2268676757812,
          0.0,
          259.0
        ],
        [
          0.0,
          743.7843017578125,
          196.0
        ],
        [
          0.0,
          0.0,
          1.0
        ]
      ],
      [
        [
          740.338623046875,
          0.0,
          259.0
        ],
        [
          0.0,
          740.658203125,
          196.0
        ],
        [
          0.0,
          0.0,
          1.0
        ]
      ],
      [
        [
          740.5448608398438,
          0.0,
          259.0
        ],
        [
          0.0,
          740.8453369140625,
          196.0
        ],
        [
          0.0,
          0.0,
          1.0
        ]
      ],
      [
        [
          737.8501586914062,
          0.0,
          259.0
        ],
        [
          0.0,
          738.3760375976562,
          196.0
        ],
        [
          0.0,
          0.0,
          1.0
        ]
      ],
      [
        [
          732.5304565429688,
          0.0,
          259.0
        ],
        [
          0.0,
          733.7637329101562,
          196.0
        ],
        [
          0.0,
          0.0,
          1.0
        ]
      ],
      [
        [
          735.9120483398438,
          0.0,
          259.0
        ],
        [
          0.0,
          737.0060424804688,
          196.0
        ],
        [
          0.0,
          0.0,
          1.0
        ]
      ],
      [
        [
          737.03125,
          0.0,
          259.0
        ],
        [
          0.0,
          737.865478515625,
          196.0
        ],
        [
          0.0,
          0.0,
          1.0
        ]
      ],
      [
        [
          740.2595825195312,
          0.0,
          259.0
        ],
        [
          0.0,
          740.3068237304688,
          196.0
        ],
        [
          0.0,
          0.0,
          1.0
        ]
      ],
      [
        [
          739.8052368164062,
          0.0,
          259.0
        ],
        [
          0.0,
          740.1016845703125,
          196.0
        ],
        [
          0.0,
          0.0,
          1.0
        ]
      ],
      [
        [
          737.7208862304688,
          0.0,
          259.0
        ],
        [
          0.0,
          738.1524047851562,
          196.0
        ],
        [
          0.0,
          0.0,
          1.0
        ]
      ],
      [
        [
          735.2559204101562,
          0.0,
          259.0
        ],
        [
          0.0,
          735.9990844726562,
          196.0
        ],
        [
          0.0,
          0.0,
          1.0
        ]
      ],
      [
        [
          733.7886352539062,
          0.0,
          259.0
        ],
        [
          0.0,
          734.6354370117188,
          196.0
        ],
        [
          0.0,
          0.0,
          1.0
        ]
      ],
      [
        [
          734.0498046875,
          0.0,
          259.0
        ],
        [
          0.0,
          734.943603515625,
          196.0
        ],
        [
          0.0,
          0.0,
          1.0
        ]
      ],
      [
        [
          734.646240234375,
          0.0,
          259.0
        ],
        [
          0.0,
          735.2182006835938,
          196.0
        ],
        [
          0.0,
          0.0,
          1.0
        ]
      ],
      [
        [
          736.6863403320312,
          0.0,
          259.0
        ],
        [
          0.0,
          737.1796875,
          196.0
        ],
        [
          0.0,
          0.0,
          1.0
        ]
      ],
      [
        [
          738.9689331054688,
          0.0,
          259.0
        ],
        [
          0.0,
          739.5028686523438,
          196.0
        ],
        [
          0.0,
          0.0,
          1.0
        ]
      ],
      [
        [
          738.259521484375,
          0.0,
          259.0
        ],
        [
          0.0,
          739.140869140625,
          196.0
        ],
        [
          0.0,
          0.0,
          1.0
        ]
      ],
      [
        [
          739.7684936523438,
          0.0,
          259.0
        ],
        [
          0.0,
          740.282470703125,
          196.0
        ],
        [
          0.0,
          0.0,
          1.0
        ]
      ],
      [
        [
          741.0405883789062,
          0.0,
          259.0
        ],
        [
          0.0,
          741.4974365234375,
          196.0
        ],
        [
          0.0,
          0.0,
          1.0
        ]
      ],
      [
        [
          740.4920654296875,
          0.0,
          259.0
        ],
        [
          0.0,
          740.8255615234375,
          196.0
        ],
        [
          0.0,
          0.0,
          1.0
        ]
      ],
      [
        [
          739.5238037109375,
          0.0,
          259.0
        ],
        [
          0.0,
          739.6246948242188,
          196.0
        ],
        [
          0.0,
          0.0,
          1.0
        ]
      ],
      [
        [
          737.5210571289062,
          0.0,
          259.0
        ],
        [
          0.0,
          737.5603637695312,
          196.0
        ],
        [
          0.0,
          0.0,
          1.0
        ]
      ],
      [
        [
          739.609619140625,
          0.0,
          259.0
        ],
        [
          0.0,
          739.7718505859375,
          196.0
        ],
        [
          0.0,
          0.0,
          1.0
        ]
      ],
      [
        [
          742.8160400390625,
          0.0,
          259.0
        ],
        [
          0.0,
          742.553466796875,
          196.0
        ],
        [
          0.0,
          0.0,
          1.0
        ]
      ],
      [
        [
          744.85302734375,
          0.0,
          259.0
        ],
        [
          0.0,
          744.3352661132812,
          196.0
        ],
        [
          0.0,
          0.0,
          1.0
        ]
      ],
      [
        [
          741.0034790039062,
          0.0,
          259.0
        ],
        [
          0.0,
          741.1045532226562,
          196.0
        ],
        [
          0.0,
          0.0,
          1.0
        ]
      ],
      [
        [
          740.9885864257812,
          0.0,
          259.0
        ],
        [
          0.0,
          740.977783203125,
          196.0
        ],
        [
          0.0,
          0.0,
          1.0
        ]
      ],
      [
        [
          742.8156127929688,
          0.0,
          259.0
        ],
        [
          0.0,
          742.4592895507812,
          196.0
        ],
        [
          0.0,
          0.0,
          1.0
        ]
      ],
      [
        [
          741.382568359375,
          0.0,
          259.0
        ],
        [
          0.0,
          741.37451171875,
          196.0
        ],
        [
          0.0,
          0.0,
          1.0
        ]
      ],
      [
        [
          743.1520385742188,
          0.0,
          259.0
        ],
        [
          0.0,
          743.173095703125,
          196.0
        ],
        [
          0.0,
          0.0,
          1.0
        ]
      ],
      [
        [
          741.5480346679688,
          0.0,
          259.0
        ],
        [
          0.0,
          742.1822509765625,
          196.0
        ],
        [
          0.0,
          0.0,
          1.0
        ]
      ],
      [
        [
          743.2392578125,
          0.0,
          259.0
        ],
        [
          0.0,
          743.8154296875,
          196.0
        ],
        [
          0.0,
          0.0,
          1.0
        ]
      ],
      [
        [
          742.1349487304688,
          0.0,
          259.0
        ],
        [
          0.0,
          743.1605224609375,
          196.0
        ],
        [
          0.0,
          0.0,
          1.0
        ]
      ],
      [
        [
          738.8609008789062,
          0.0,
          259.0
        ],
        [
          0.0,
          740.269775390625,
          196.0
        ],
        [
          0.0,
          0.0,
          1.0
        ]
      ],
      [
        [
          742.267822265625,
          0.0,
          259.0
        ],
        [
          0.0,
          743.0364990234375,
          196.0
        ],
        [
          0.0,
          0.0,
          1.0
        ]
      ],
      [
        [
          743.4326171875,
          0.0,
          259.0
        ],
        [
          0.0,
          744.2739868164062,
          196.0
        ],
        [
          0.0,
          0.0,
          1.0
        ]
      ],
      [
        [
          743.9007568359375,
          0.0,
          259.0
        ],
        [
          0.0,
          744.3118286132812,
          196.0
        ],
        [
          0.0,
          0.0,
          1.0
        ]
      ],
      [
        [
          742.3933715820312,
          0.0,
          259.0
        ],
        [
          0.0,
          743.4722290039062,
          196.0
        ],
        [
          0.0,
          0.0,
          1.0
        ]
      ],
      [
        [
          741.4400634765625,
          0.0,
          259.0
        ],
        [
          0.0,
          742.90380859375,
          196.0
        ],
        [
          0.0,
          0.0,
          1.0
        ]
      ],
      [
        [
          740.0630493164062,
          0.0,
          259.0
        ],
        [
          0.0,
          741.4388427734375,
          196.0
        ],
        [
          0.0,
          0.0,
          1.0
        ]
      ],
      [
        [
          741.50244140625,
          0.0,
          259.0
        ],
        [
          0.0,
          742.7579956054688,
          196.0
        ],
        [
          0.0,
          0.0,
          1.0
        ]
      ],
      [
        [
          740.012451171875,
          0.0,
          259.0
        ],
        [
          0.0,
          741.0750732421875,
          196.0
        ],
        [
          0.0,
          0.0,
          1.0
        ]
      ],
      [
        [
          736.2265014648438,
          0.0,
          259.0
        ],
        [
          0.0,
          737.4999389648438,
          196.0
        ],
        [
          0.0,
          0.0,
          1.0
        ]
      ],
      [
        [
          736.8685302734375,
          0.0,
          259.0
        ],
        [
          0.0,
          738.0819091796875,
          196.0
        ],
        [
          0.0,
          0.0,
          1.0
        ]
      ],
      [
        [
          737.9321899414062,
          0.0,
          259.0
        ],
        [
          0.0,
          738.4058837890625,
          196.0
        ],
        [
          0.0,
          0.0,
          1.0
        ]
      ],
      [
        [
          737.6343994140625,
          0.0,
          259.0
        ],
        [
          0.0,
          738.7483520507812,
          196.0
        ],
        [
          0.0,
          0.0,
          1.0
        ]
      ],
      [
        [
          740.0667114257812,
          0.0,
          259.0
        ],
        [
          0.0,
          740.6688232421875,
          196.0
        ],
        [
          0.0,
          0.0,
          1.0
        ]
      ],
      [
        [
          737.1032104492188,
          0.0,
          259.0
        ],
        [
          0.0,
          738.082763671875,
          196.0
        ],
        [
          0.0,
          0.0,
          1.0
        ]
      ],
      [
        [
          742.1306762695312,
          0.0,
          259.0
        ],
        [
          0.0,
          742.7380981445312,
          196.0
        ],
        [
          0.0,
          0.0,
          1.0
        ]
      ],
      [
        [
          741.73046875,
          0.0,
          259.0
        ],
        [
          0.0,
          742.5654296875,
          196.0
        ],
        [
          0.0,
          0.0,
          1.0
        ]
      ],
      [
        [
          740.1077270507812,
          0.0,
          259.0
        ],
        [
          0.0,
          741.3060913085938,
          196.0
        ],
        [
          0.0,
          0.0,
          1.0
        ]
      ],
      [
        [
          739.2028198242188,
          0.0,
          259.0
        ],
        [
          0.0,
          740.70849609375,
          196.0
        ],
        [
          0.0,
          0.0,
          1.0
        ]
      ],
      [
        [
          740.6638793945312,
          0.0,
          259.0
        ],
        [
          0.0,
          742.4725341796875,
          196.0
        ],
        [
          0.0,
          0.0,
          1.0
        ]
      ],
      [
        [
          742.7877197265625,
          0.0,
          259.0
        ],
        [
          0.0,
          744.4553833007812,
          196.0
        ],
        [
          0.0,
          0.0,
          1.0
        ]
      ],
      [
        [
          747.1965942382812,
          0.0,
          259.0
        ],
        [
          0.0,
          748.7188720703125,
          196.0
        ],
        [
          0.0,
          0.0,
          1.0
        ]
      ],
      [
        [
          752.0924682617188,
          0.0,
          259.0
        ],
        [
          0.0,
          753.619140625,
          196.0
        ],
        [
          0.0,
          0.0,
          1.0
        ]
      ],
      [
        [
          746.6173706054688,
          0.0,
          259.0
        ],
        [
          0.0,
          749.0130004882812,
          196.0
        ],
        [
          0.0,
          0.0,
          1.0
        ]
      ],
      [
        [
          750.6235961914062,
          0.0,
          259.0
        ],
        [
          0.0,
          752.5731811523438,
          196.0
        ],
        [
          0.0,
          0.0,
          1.0
        ]
      ]
    ]
  ],
  "extrinsic": [
    [
      [
        1.0,
        3.157028913847171e-05,
        -5.507267633220181e-05,
        5.648596925311722e-06
      ],
      [
        -3.156865932396613e-05,
        1.0,
        2.9632043151650578e-05,
        5.285397492116317e-06
      ],
      [
        5.507361493073404e-05,
        -2.9630304197780788e-05,
        1.0,
        7.774781988700852e-05
      ],
      [
        0.0,
        0.0,
        0.0,
        1.0
      ]
    ],
    [
      [
        0.9999968409538269,
        -2.594947727629915e-05,
        -0.0025167781859636307,
        0.0025480957701802254
      ],
      [
        2.5593848477001302e-05,
        1.0,
        -0.0001413353020325303,
        0.0002005399001063779
      ],
      [
        0.002516781911253929,
        0.00014127042959444225,
        0.9999968409538269,
        0.00029282813193276525
      ],
      [
        0.0,
        0.0,
        0.0,
        1.0
      ]
    ],
    [
      [
        0.9999994039535522,
        0.000310414849082008,
        0.0010545023251324892,
        0.0003921020252164453
      ],
      [
        -0.00031059153843671083,
        0.9999999403953552,
        0.00016741696163080633,
        2.835728446370922e-05
      ],
      [
        -0.0010544504038989544,
        -0.00016774437972344458,
        0.9999994039535522,
        -9.753597987582907e-05
      ],
      [
        0.0,
        0.0,
        0.0,
        1.0
      ]
    ],
    [
      [
        0.999989926815033,
        0.0009488424402661622,
        0.004392295144498348,
        -0.0013838217128068209
      ],
      [
        -0.0009498650906607509,
        0.9999995231628418,
        0.0002307457907591015,
        -6.888381903991103e-05
      ],
      [
        -0.004392074421048164,
        -0.00023491554020438343,
        0.9999903440475464,
        -0.00030296199838630855
      ],
      [
        0.0,
        0.0,
        0.0,
        1.0
      ]
    ],
    [
      [
        0.9999727010726929,
        0.0008431740570813417,
        0.007342624943703413,
        -0.0028407725039869547
      ],
      [
        -0.000844562950078398,
        0.9999996423721313,
        0.00018605102377478033,
        4.902880027657375e-05
      ],
      [
        -0.007342465687543154,
        -0.00019224727293476462,
        0.9999729990959167,
        -1.2560660252347589e-05
      ],
      [
        0.0,
        0.0,
        0.0,
        1.0
      ]
    ],
    [
      [
        0.9999039173126221,
        0.000917989294975996,
        0.013833033852279186,
        -0.00708486745133996
      ],
      [
        -0.0009158016182482243,
        0.9999995827674866,
        -0.00016448850510641932,
        0.00029015596373938024
      ],
      [
        -0.013833179138600826,
        0.00015180438640527427,
        0.9999043345451355,
        0.0003880480071529746
      ],
      [
        0.0,
        0.0,
        0.0,
        1.0
      ]
    ],
    [
      [
        0.9997729063034058,
        0.0015688276616856456,
        0.021251648664474487,
        -0.013644957914948463
      ],
      [
        -0.001567554660141468,
        0.9999987483024597,
        -7.656106754438952e-05,
        0.00036973346141166985
      ],
      [
        -0.02125174179673195,
        4.323056055000052e-05,
        0.999774158000946,
        -0.0011237877188250422
      ],
      [
        0.0,
        0.0,
        0.0,
        1.0
      ]
    ],
    [
      [
        0.9996244311332703,
        0.002375314012169838,
        0.027301430702209473,
        -0.018654728308320045
      ],
      [
        -0.0024181788321584463,
        0.9999958872795105,
        0.0015371486078947783,
        -0.0006004405440762639
      ],
      [
        -0.027297666296362877,
        -0.0016025911318138242,
        0.9996260404586792,
        -0.000916195975150913
      ],
      [
        0.0,
        0.0,
        0.0,
        1.0
      ]
    ],
    [
      [
        0.9994608163833618,
        0.0022342721931636333,
        0.032758403569459915,
        -0.02321770414710045
      ],
      [
        -0.0023203629534691572,
        0.9999939799308777,
        0.002590276300907135,
        -0.001277189003303647
      ],
      [
        -0.032752420753240585,
        -0.0026648910716176033,
        0.9994599223136902,
        -0.0006092053954489529
      ],
      [
        0.0,
        0.0,
        0.0,
        1.0
      ]
    ],
    [
      [
        0.9993017315864563,
        0.002325595822185278,
        0.03729191794991493,
        -0.02654198557138443
      ],
      [
        -0.0024097529239952564,
        0.9999946355819702,
        0.002211927203461528,
        -0.0009178367909044027
      ],
      [
        -0.03728657588362694,
        -0.00230024685151875,
        0.9993019700050354,
        -0.0023284098133444786
      ],
      [
        0.0,
        0.0,
        0.0,
        1.0
      ]
    ],
    [
      [
        0.9991319179534912,
        0.0019027290400117636,
        0.04161472246050835,
        -0.029609495773911476
      ],
      [
        -0.0019740585703402758,
        0.9999966621398926,
        0.0016730240313336253,
        -0.0009772194316610694
      ],
      [
        -0.04161139950156212,
        -0.001753721502609551,
        0.9991323351860046,
        -0.00427087489515543
      ],
      [
        0.0,
        0.0,
        0.0,
        1.0
      ]
    ],
    [
      [
        0.9989364147186279,
        0.002597323153167963,
        0.04603590816259384,
        -0.03238921985030174
      ],
      [
        -0.00269090267829597,
        0.9999944567680359,
        0.001970891607925296,
        -0.0015362175181508064
      ],
      [
        -0.04603054001927376,
        -0.0020926734432578087,
        0.9989378452301025,
        -0.0038292633835226297
      ],
      [
        0.0,
        0.0,
        0.0,
        1.0
      ]
    ],
    [
      [
        0.998692512512207,
        0.002772645326331258,
        0.05104510858654976,
        -0.03564304858446121
      ],
      [
        -0.0028908862732350826,
        0.9999933242797852,
        0.0022427139338105917,
        -0.0021898222621530294
      ],
      [
        -0.05103854462504387,
        -0.0023873469326645136,
        0.9986938238143921,
        -0.004572628531605005
      ],
      [
        0.0,
        0.0,
        0.0,
        1.0
      ]
    ],
    [
      [
        0.9984612464904785,
        0.0030734713654965162,
        0.05536876618862152,
        -0.03870473802089691
      ],
      [
        -0.00325251673348248,
        0.9999897480010986,
        0.003143860260024667,
        -0.002940788399428129
      ],
      [
        -0.055358536541461945,
        -0.0033191104885190725,
        0.9984610080718994,
        -0.004085571970790625
      ],
      [
        0.0,
        0.0,
        0.0,
        1.0
      ]
    ],
    [
      [
        0.9982381463050842,
        0.0031219020020216703,
        0.05925241485238075,
        -0.040823113173246384
      ],
      [
        -0.0032953203190118074,
        0.9999905824661255,
        0.0028292855713516474,
        -0.0028193877078592777
      ],
      [
        -0.05924302339553833,
        -0.003019556403160095,
        0.9982390403747559,
        -0.005286711268126965
      ],
      [
        0.0,
        0.0,
        0.0,
        1.0
      ]
    ],
    [
      [
        0.9981153011322021,
        0.003530921647325158,
        0.06126443296670914,
        -0.04181893169879913
      ],
      [
        -0.003731358330696821,
        0.9999880790710449,
        0.0031575681641697884,
        -0.0034269678872078657
      ],
      [
        -0.06125255301594734,
        -0.0033802168909460306,
        0.9981165528297424,
        -0.006793202832341194
      ],
      [
        0.0,
        0.0,
        0.0,
        1.0
      ]
    ],
    [
      [
        0.9978781938552856,
        0.003139420412480831,
        0.06503261625766754,
        -0.044889502227306366
      ],
      [
        -0.0033416005317121744,
        0.999989926815033,
        0.003000366734340787,
        -0.00339770526625216
      ],
      [
        -0.0650225430727005,
        -0.0032113136257976294,
        0.9978786110877991,
        -0.008404731750488281
      ],
      [
        0.0,
        0.0,
        0.0,
        1.0
      ]
    ],
    [
      [
        0.9974574446678162,
        0.00498641561716795,
        0.07109028100967407,
        -0.05025187507271767
      ],
      [
        -0.0051685213111341,
        0.9999837875366211,
        0.002377890981733799,
        -0.0027459985576570034
      ],
      [
        -0.07107727229595184,
        -0.0027392765041440725,
        0.997467041015625,
        -0.00869061704725027
      ],
      [
        0.0,
        0.0,
        0.0,
        1.0
      ]
    ],
    [
      [
        0.9972272515296936,
        0.0058005694299936295,
        0.07418972998857498,
        -0.05340316891670227
      ],
      [
        -0.005999020766466856,
        0.9999790191650391,
        0.002452356740832329,
        -0.0022615392226725817
      ],
      [
        -0.0741739496588707,
        -0.0028906227089464664,
        0.9972411394119263,
        -0.00955681037157774
      ],
      [
        0.0,
        0.0,
        0.0,
        1.0
      ]
    ],
    [
      [
        0.9968172311782837,
        0.005542418919503689,
        0.07952813059091568,
        -0.05874452739953995
      ],
      [
        -0.005733411759138107,
        0.9999812245368958,
        0.0021734319161623716,
        -0.001877112197689712
      ],
      [
        -0.07951458543539047,
        -0.0026224821340292692,
        0.9968302249908447,
        -0.010484253987669945
      ],
      [
        0.0,
        0.0,
        0.0,
        1.0
      ]
    ],
    [
      [
        0.9964761734008789,
        0.00555444648489356,
        0.08369236439466476,
        -0.06317222118377686
      ],
      [
        -0.005820900667458773,
        0.9999787211418152,
        0.0029400531202554703,
        -0.0023349474649876356
      ],
      [
        -0.08367425948381424,
        -0.0034168576821684837,
        0.9964873194694519,
        -0.010576963424682617
      ],
      [
        0.0,
        0.0,
        0.0,
        1.0
      ]
    ],
    [
      [
        0.9961584806442261,
        0.005000735633075237,
        0.08742601424455643,
        -0.06690142303705215
      ],
      [
        -0.005402914714068174,
        0.999975860118866,
        0.0043641929514706135,
        -0.002915754448622465
      ],
      [
        -0.08740208297967911,
        -0.004819783382117748,
        0.9961614608764648,
        -0.011792813427746296
      ],
      [
        0.0,
        0.0,
        0.0,
