{
  "intrinsic": [
    [
      [
        [
          1019.1471557617188,
          0.0,
          259.0
        ],
        [
          0.0,
          1017.5308837890625,
          196.0
        ],
        [
          0.0,
          0.0,
          1.0
        ]
      ],
      [
        [
          1013.4119873046875,
          0.0,
          259.0
        ],
        [
          0.0,
          1009.6375732421875,
          196.0
        ],
        [
          0.0,
          0.0,
          1.0
        ]
      ],
      [
        [
          1006.0792236328125,
          0.0,
          259.0
        ],
        [
          0.0,
          1002.2604370117188,
          196.0
        ],
        [
          0.0,
          0.0,
          1.0
        ]
      ],
      [
        [
          1010.2970581054688,
          0.0,
          259.0
        ],
        [
          0.0,
          1006.7418212890625,
          196.0
        ],
        [
          0.0,
          0.0,
          1.0
        ]
      ],
      [
        [
          1011.2395629882812,
          0.0,
          259.0
        ],
        [
          0.0,
          1007.4761352539062,
          196.0
        ],
        [
          0.0,
          0.0,
          1.0
        ]
      ],
      [
        [
          1009.502685546875,
          0.0,
          259.0
        ],
        [
          0.0,
          1006.0808715820312,
          196.0
        ],
        [
          0.0,
          0.0,
          1.0
        ]
      ],
      [
        [
          1009.8839721679688,
          0.0,
          259.0
        ],
        [
          0.0,
          1006.20947265625,
          196.0
        ],
        [
          0.0,
          0.0,
          1.0
        ]
      ],
      [
        [
          1023.643798828125,
          0.0,
          259.0
        ],
        [
          0.0,
          1019.7011108398438,
          196.0
        ],
        [
          0.0,
          0.0,
          1.0
        ]
      ],
      [
        [
          1015.9439697265625,
          0.0,
          259.0
        ],
        [
          0.0,
          1011.599609375,
          196.0
        ],
        [
          0.0,
          0.0,
          1.0
        ]
      ],
      [
        [
          1010.5213623046875,
          0.0,
          259.0
        ],
        [
          0.0,
          1006.2900390625,
          196.0
        ],
        [
          0.0,
          0.0,
          1.0
        ]
      ],
      [
        [
          1012.2972412109375,
          0.0,
          259.0
        ],
        [
          0.0,
          1007.9418334960938,
          196.0
        ],
        [
          0.0,
          0.0,
          1.0
        ]
      ],
      [
        [
          1013.0596923828125,
          0.0,
          259.0
        ],
        [
          0.0,
          1008.0491333007812,
          196.0
        ],
        [
          0.0,
          0.0,
          1.0
        ]
      ],
      [
        [
          1021.1647338867188,
          0.0,
          259.0
        ],
        [
          0.0,
          1016.1976318359375,
          196.0
        ],
        [
          0.0,
          0.0,
          1.0
        ]
      ],
      [
        [
          1018.4521484375,
          0.0,
          259.0
        ],
        [
          0.0,
          1013.5087280273438,
          196.0
        ],
        [
          0.0,
          0.0,
          1.0
        ]
      ],
      [
        [
          1017.296630859375,
          0.0,
          259.0
        ],
        [
          0.0,
          1012.4354248046875,
          196.0
        ],
        [
          0.0,
          0.0,
          1.0
        ]
      ],
      [
        [
          1013.1189575195312,
          0.0,
          259.0
        ],
        [
          0.0,
          1008.9408569335938,
          196.0
        ],
        [
          0.0,
          0.0,
          1.0
        ]
      ],
      [
        [
          1011.675048828125,
          0.0,
          259.0
        ],
        [
          0.0,
          1007.9525146484375,
          196.0
        ],
        [
          0.0,
          0.0,
          1.0
        ]
      ],
      [
        [
          1009.0233154296875,
          0.0,
          259.0
        ],
        [
          0.0,
          1006.068359375,
          196.0
        ],
        [
          0.0,
          0.0,
          1.0
        ]
      ],
      [
        [
          1006.9495239257812,
          0.0,
          259.0
        ],
        [
          0.0,
          1005.0984497070312,
          196.0
        ],
        [
          0.0,
          0.0,
          1.0
        ]
      ],
      [
        [
          1006.9666748046875,
          0.0,
          259.0
        ],
        [
          0.0,
          1005.9421997070312,
          196.0
        ],
        [
          0.0,
          0.0,
          1.0
        ]
      ],
      [
        [
          1006.2695922851562,
          0.0,
          259.0
        ],
        [
          0.0,
          1005.1771240234375,
          196.0
        ],
        [
          0.0,
          0.0,
          1.0
        ]
      ],
      [
        [
          1006.86474609375,
          0.0,
          259.0
        ],
        [
          0.0,
          1006.7293701171875,
          196.0
        ],
        [
          0.0,
          0.0,
          1.0
        ]
      ],
      [
        [
          1009.6389770507812,
          0.0,
          259.0
        ],
        [
          0.0,
          1009.5374755859375,
          196.0
        ],
        [
          0.0,
          0.0,
          1.0
        ]
      ],
      [
        [
          1005.8102416992188,
          0.0,
          259.0
        ],
        [
          0.0,
          1006.44482421875,
          196.0
        ],
        [
          0.0,
          0.0,
          1.0
        ]
      ],
      [
        [
          999.0830688476562,
          0.0,
          259.0
        ],
        [
          0.0,
          1001.16552734375,
          196.0
        ],
        [
          0.0,
          0.0,
          1.0
        ]
      ],
      [
        [
          1001.858642578125,
          0.0,
          259.0
        ],
        [
          0.0,
          1003.9344482421875,
          196.0
        ],
        [
          0.0,
          0.0,
          1.0
        ]
      ],
      [
        [
          997.28759765625,
          0.0,
          259.0
        ],
        [
          0.0,
          999.8521118164062,
          196.0
        ],
        [
          0.0,
          0.0,
          1.0
        ]
      ],
      [
        [
          994.1751708984375,
          0.0,
          259.0
        ],
        [
          0.0,
          997.8651733398438,
          196.0
        ],
        [
          0.0,
          0.0,
          1.0
        ]
      ],
      [
        [
          991.9307861328125,
          0.0,
          259.0
        ],
        [
          0.0,
          996.2939453125,
          196.0
        ],
        [
          0.0,
          0.0,
          1.0
        ]
      ],
      [
        [
          991.129638671875,
          0.0,
          259.0
        ],
        [
          0.0,
          994.4351806640625,
          196.0
        ],
        [
          0.0,
          0.0,
          1.0
        ]
      ],
      [
        [
          986.5537109375,
          0.0,
          259.0
        ],
        [
          0.0,
          990.88037109375,
          196.0
        ],
        [
          0.0,
          0.0,
          1.0
        ]
      ],
      [
        [
          988.627685546875,
          0.0,
          259.0
        ],
        [
          0.0,
          993.4070434570312,
          196.0
        ],
        [
          0.0,
          0.0,
          1.0
        ]
      ],
      [
        [
          983.060791015625,
          0.0,
          259.0
        ],
        [
          0.0,
          987.970458984375,
          196.0
        ],
        [
          0.0,
          0.0,
          1.0
        ]
      ],
      [
        [
          988.1353149414062,
          0.0,
          259.0
        ],
        [
          0.0,
          992.6574096679688,
          196.0
        ],
        [
          0.0,
          0.0,
          1.0
        ]
      ],
      [
        [
          985.2845458984375,
          0.0,
          259.0
        ],
        [
          0.0,
          990.1994018554688,
          196.0
        ],
        [
          0.0,
          0.0,
          1.0
        ]
      ],
      [
        [
          986.1784057617188,
          0.0,
          259.0
        ],
        [
          0.0,
          990.8436889648438,
          196.0
        ],
        [
          0.0,
          0.0,
          1.0
        ]
      ],
      [
        [
          992.885498046875,
          0.0,
          259.0
        ],
        [
          0.0,
          997.136474609375,
          196.0
        ],
        [
          0.0,
          0.0,
          1.0
        ]
      ],
      [
        [
          984.0867309570312,
          0.0,
          259.0
        ],
        [
          0.0,
          988.9813232421875,
          196.0
        ],
        [
          0.0,
          0.0,
          1.0
        ]
      ],
      [
        [
          987.5482788085938,
          0.0,
          259.0
        ],
        [
          0.0,
          991.3594360351562,
          196.0
        ],
        [
          0.0,
          0.0,
          1.0
        ]
      ],
      [
        [
          991.812744140625,
          0.0,
          259.0
        ],
        [
          0.0,
          996.70263671875,
          196.0
        ],
        [
          0.0,
          0.0,
          1.0
        ]
      ],
      [
        [
          996.3851318359375,
          0.0,
          259.0
        ],
        [
          0.0,
          1000.287109375,
          196.0
        ],
        [
          0.0,
          0.0,
          1.0
        ]
      ],
      [
        [
          1001.611083984375,
          0.0,
          259.0
        ],
        [
          0.0,
          1005.68798828125,
          196.0
        ],
        [
          0.0,
          0.0,
          1.0
        ]
      ],
      [
        [
          1007.1403198242188,
          0.0,
          259.0
        ],
        [
          0.0,
          1010.2880859375,
          196.0
        ],
        [
          0.0,
          0.0,
          1.0
        ]
      ],
      [
        [
          1007.0765991210938,
          0.0,
          259.0
        ],
        [
          0.0,
          1010.3751831054688,
          196.0
        ],
        [
          0.0,
          0.0,
          1.0
        ]
      ],
      [
        [
          1014.1022338867188,
          0.0,
          259.0
        ],
        [
          0.0,
          1017.21728515625,
          196.0
        ],
        [
          0.0,
          0.0,
          1.0
        ]
      ],
      [
        [
          1019.58642578125,
          0.0,
          259.0
        ],
        [
          0.0,
          1023.1803588867188,
          196.0
        ],
        [
          0.0,
          0.0,
          1.0
        ]
      ],
      [
        [
          1017.0255126953125,
          0.0,
          259.0
        ],
        [
          0.0,
          1019.2882690429688,
          196.0
        ],
        [
          0.0,
          0.0,
          1.0
        ]
      ],
      [
        [
          1016.4085083007812,
          0.0,
          259.0
        ],
        [
          0.0,
          1019.0823974609375,
          196.0
        ],
        [
          0.0,
          0.0,
          1.0
        ]
      ],
      [
        [
          1021.2574462890625,
          0.0,
          259.0
        ],
        [
          0.0,
          1023.8709106445312,
          196.0
        ],
        [
          0.0,
          0.0,
          1.0
        ]
      ],
      [
        [
          1022.0606689453125,
          0.0,
          259.0
        ],
        [
          0.0,
          1024.92041015625,
          196.0
        ],
        [
          0.0,
          0.0,
          1.0
        ]
      ],
      [
        [
          1027.4384765625,
          0.0,
          259.0
        ],
        [
          0.0,
          1030.8372802734375,
          196.0
        ],
        [
          0.0,
          0.0,
          1.0
        ]
      ],
      [
        [
          1028.383544921875,
          0.0,
          259.0
        ],
        [
          0.0,
          1030.6346435546875,
          196.0
        ],
        [
          0.0,
          0.0,
          1.0
        ]
      ],
      [
        [
          1022.0611572265625,
          0.0,
          259.0
        ],
        [
          0.0,
          1024.177734375,
          196.0
        ],
        [
          0.0,
          0.0,
          1.0
        ]
      ],
      [
        [
          1024.2154541015625,
          0.0,
          259.0
        ],
        [
          0.0,
          1026.452880859375,
          196.0
        ],
        [
          0.0,
          0.0,
          1.0
        ]
      ],
      [
        [
          1030.606201171875,
          0.0,
          259.0
        ],
        [
          0.0,
          1031.2081298828125,
          196.0
        ],
        [
          0.0,
          0.0,
          1.0
        ]
      ],
      [
        [
          1030.1295166015625,
          0.0,
          259.0
        ],
        [
          0.0,
          1032.187744140625,
          196.0
        ],
        [
          0.0,
          0.0,
          1.0
        ]
      ],
      [
        [
          1029.9959716796875,
          0.0,
          259.0
        ],
        [
          0.0,
          1031.182861328125,
          196.0
        ],
        [
          0.0,
          0.0,
          1.0
        ]
      ],
      [
        [
          1034.644775390625,
          0.0,
          259.0
        ],
        [
          0.0,
          1036.09375,
          196.0
        ],
        [
          0.0,
          0.0,
          1.0
        ]
      ],
      [
        [
          1035.730224609375,
          0.0,
          259.0
        ],
        [
          0.0,
          1036.9356689453125,
          196.0
        ],
        [
          0.0,
          0.0,
          1.0
        ]
      ],
      [
        [
          1036.4688720703125,
          0.0,
          259.0
        ],
        [
          0.0,
          1037.0482177734375,
          196.0
        ],
        [
          0.0,
          0.0,
          1.0
        ]
      ],
      [
        [
          1039.1337890625,
          0.0,
          259.0
        ],
        [
          0.0,
          1039.93212890625,
          196.0
        ],
        [
          0.0,
          0.0,
          1.0
        ]
      ],
      [
        [
          1040.0814208984375,
          0.0,
          259.0
        ],
        [
          0.0,
          1040.4027099609375,
          196.0
        ],
        [
          0.0,
          0.0,
          1.0
        ]
      ],
      [
        [
          1044.979248046875,
          0.0,
          259.0
        ],
        [
          0.0,
          1045.364501953125,
          196.0
        ],
        [
          0.0,
          0.0,
          1.0
        ]
      ],
      [
        [
          1035.559326171875,
          0.0,
          259.0
        ],
        [
          0.0,
          1035.390380859375,
          196.0
        ],
        [
          0.0,
          0.0,
          1.0
        ]
      ],
      [
        [
          1039.7752685546875,
          0.0,
          259.0
        ],
        [
          0.0,
          1040.092041015625,
          196.0
        ],
        [
          0.0,
          0.0,
          1.0
        ]
      ],
      [
        [
          1052.9603271484375,
          0.0,
          259.0
        ],
        [
          0.0,
          1051.7030029296875,
          196.0
        ],
        [
          0.0,
          0.0,
          1.0
        ]
      ],
      [
        [
          1047.892578125,
          0.0,
          259.0
        ],
        [
          0.0,
          1046.952392578125,
          196.0
        ],
        [
          0.0,
          0.0,
          1.0
        ]
      ],
      [
        [
          1044.9129638671875,
          0.0,
          259.0
        ],
        [
          0.0,
          1044.8272705078125,
          196.0
        ],
        [
          0.0,
          0.0,
          1.0
        ]
      ],
      [
        [
          1055.0364990234375,
          0.0,
          259.0
        ],
        [
          0.0,
          1053.7366943359375,
          196.0
        ],
        [
          0.0,
          0.0,
          1.0
        ]
      ],
      [
        [
          1062.0357666015625,
          0.0,
          259.0
        ],
        [
          0.0,
          1060.958251953125,
          196.0
        ],
        [
          0.0,
          0.0,
          1.0
        ]
      ],
      [
        [
          1057.4635009765625,
          0.0,
          259.0
        ],
        [
          0.0,
          1056.6197509765625,
          196.0
        ],
        [
          0.0,
          0.0,
          1.0
        ]
      ],
      [
        [
          1047.6953125,
          0.0,
          259.0
        ],
        [
          0.0,
          1047.9261474609375,
          196.0
        ],
        [
          0.0,
          0.0,
          1.0
        ]
      ],
      [
        [
          1051.0950927734375,
          0.0,
          259.0
        ],
        [
          0.0,
          1052.004150390625,
          196.0
        ],
        [
          0.0,
          0.0,
          1.0
        ]
      ],
      [
        [
          1049.68212890625,
          0.0,
          259.0
        ],
        [
          0.0,
          1050.4136962890625,
          196.0
        ],
        [
          0.0,
          0.0,
          1.0
        ]
      ],
      [
        [
          1062.4393310546875,
          0.0,
          259.0
        ],
        [
          0.0,
          1062.77294921875,
          196.0
        ],
        [
          0.0,
          0.0,
          1.0
        ]
      ],
      [
        [
          1060.2025146484375,
          0.0,
          259.0
        ],
        [
          0.0,
          1060.155517578125,
          196.0
        ],
        [
          0.0,
          0.0,
          1.0
        ]
      ],
      [
        [
          1047.4964599609375,
          0.0,
          259.0
        ],
        [
          0.0,
          1048.1512451171875,
          196.0
        ],
        [
          0.0,
          0.0,
          1.0
        ]
      ],
      [
        [
          1048.133056640625,
          0.0,
          259.0
        ],
        [
          0.0,
          1049.0220947265625,
          196.0
        ],
        [
          0.0,
          0.0,
          1.0
        ]
      ],
      [
        [
          1049.050048828125,
          0.0,
          259.0
        ],
        [
          0.0,
          1050.4560546875,
          196.0
        ],
        [
          0.0,
          0.0,
          1.0
        ]
      ],
      [
        [
          1046.21240234375,
          0.0,
          259.0
        ],
        [
          0.0,
          1048.595703125,
          196.0
        ],
        [
          0.0,
          0.0,
          1.0
        ]
      ],
      [
        [
          1043.9901123046875,
          0.0,
          259.0
        ],
        [
          0.0,
          1046.9161376953125,
          196.0
        ],
        [
          0.0,
          0.0,
          1.0
        ]
      ],
      [
        [
          1041.127685546875,
          0.0,
          259.0
        ],
        [
          0.0,
          1043.6785888671875,
          196.0
        ],
        [
          0.0,
          0.0,
          1.0
        ]
      ],
      [
        [
          1042.8729248046875,
          0.0,
          259.0
        ],
        [
          0.0,
          1045.014404296875,
          196.0
        ],
        [
          0.0,
          0.0,
          1.0
        ]
      ],
      [
        [
          1041.4578857421875,
          0.0,
          259.0
        ],
        [
          0.0,
          1043.6646728515625,
          196.0
        ],
        [
          0.0,
          0.0,
          1.0
        ]
      ],
      [
        [
          1031.640869140625,
          0.0,
          259.0
        ],
        [
          0.0,
          1034.276611328125,
          196.0
        ],
        [
          0.0,
          0.0,
          1.0
        ]
      ],
      [
        [
          1042.5230712890625,
          0.0,
          259.0
        ],
        [
          0.0,
          1044.6534423828125,
          196.0
        ],
        [
          0.0,
          0.0,
          1.0
        ]
      ],
      [
        [
          1039.1143798828125,
          0.0,
          259.0
        ],
        [
          0.0,
          1041.5054931640625,
          196.0
        ],
        [
          0.0,
          0.0,
          1.0
        ]
      ],
      [
        [
          1039.50341796875,
          0.0,
          259.0
        ],
        [
          0.0,
          1043.1077880859375,
          196.0
        ],
        [
          0.0,
          0.0,
          1.0
        ]
      ],
      [
        [
          1047.1943359375,
          0.0,
          259.0
        ],
        [
          0.0,
          1050.05908203125,
          196.0
        ],
        [
          0.0,
          0.0,
          1.0
        ]
      ],
      [
        [
          1051.2933349609375,
          0.0,
          259.0
        ],
        [
          0.0,
          1054.1881103515625,
          196.0
        ],
        [
          0.0,
          0.0,
          1.0
        ]
      ],
      [
        [
          1036.0166015625,
          0.0,
          259.0
        ],
        [
          0.0,
          1039.0382080078125,
          196.0
        ],
        [
          0.0,
          0.0,
          1.0
        ]
      ],
      [
        [
          1036.7794189453125,
          0.0,
          259.0
        ],
        [
          0.0,
          1039.650390625,
          196.0
        ],
        [
          0.0,
          0.0,
          1.0
        ]
      ],
      [
        [
          1039.6390380859375,
          0.0,
          259.0
        ],
        [
          0.0,
          1042.0098876953125,
          196.0
        ],
        [
          0.0,
          0.0,
          1.0
        ]
      ],
      [
        [
          1037.3482666015625,
          0.0,
          259.0
        ],
        [
          0.0,
          1039.7149658203125,
          196.0
        ],
        [
          0.0,
          0.0,
          1.0
        ]
      ],
      [
        [
          1028.6591796875,
          0.0,
          259.0
        ],
        [
          0.0,
          1030.560546875,
          196.0
        ],
        [
          0.0,
          0.0,
          1.0
        ]
      ],
      [
        [
          1035.169189453125,
          0.0,
          259.0
        ],
        [
          0.0,
          1037.5113525390625,
          196.0
        ],
        [
          0.0,
          0.0,
          1.0
        ]
      ],
      [
        [
          1033.428466796875,
          0.0,
          259.0
        ],
        [
          0.0,
          1035.5035400390625,
          196.0
        ],
        [
          0.0,
          0.0,
          1.0
        ]
      ],
      [
        [
          1030.7803955078125,
          0.0,
          259.0
        ],
        [
          0.0,
          1032.8878173828125,
          196.0
        ],
        [
          0.0,
          0.0,
          1.0
        ]
      ],
      [
        [
          1032.4927978515625,
          0.0,
          259.0
        ],
        [
          0.0,
          1035.783935546875,
          196.0
        ],
        [
          0.0,
          0.0,
          1.0
        ]
      ],
      [
        [
          1032.6121826171875,
          0.0,
          259.0
        ],
        [
          0.0,
          1035.95654296875,
          196.0
        ],
        [
          0.0,
          0.0,
          1.0
        ]
      ],
      [
        [
          1025.1490478515625,
          0.0,
          259.0
        ],
        [
          0.0,
          1028.2620849609375,
          196.0
        ],
        [
          0.0,
          0.0,
          1.0
        ]
      ],
      [
        [
          1029.8388671875,
          0.0,
          259.0
        ],
        [
          0.0,
          1033.815673828125,
          196.0
        ],
        [
          0.0,
          0.0,
          1.0
        ]
      ],
      [
        [
          1025.0736083984375,
          0.0,
          259.0
        ],
        [
          0.0,
          1028.55322265625,
          196.0
        ],
        [
          0.0,
          0.0,
          1.0
        ]
      ],
      [
        [
          1019.1295776367188,
          0.0,
          259.0
        ],
        [
          0.0,
          1023.8385620117188,
          196.0
        ],
        [
          0.0,
          0.0,
          1.0
        ]
      ],
      [
        [
          1017.9742431640625,
          0.0,
          259.0
        ],
        [
          0.0,
          1022.0872192382812,
          196.0
        ],
        [
          0.0,
          0.0,
          1.0
        ]
      ],
      [
        [
          1009.35595703125,
          0.0,
          259.0
        ],
        [
          0.0,
          1014.1874389648438,
          196.0
        ],
        [
          0.0,
          0.0,
          1.0
        ]
      ],
      [
        [
          1012.9708862304688,
          0.0,
          259.0
        ],
        [
          0.0,
          1017.8646240234375,
          196.0
        ],
        [
          0.0,
          0.0,
          1.0
        ]
      ],
      [
        [
          1009.3286743164062,
          0.0,
          259.0
        ],
        [
          0.0,
          1014.0133056640625,
          196.0
        ],
        [
          0.0,
          0.0,
          1.0
        ]
      ],
      [
        [
          1012.1588134765625,
          0.0,
          259.0
        ],
        [
          0.0,
          1015.8466796875,
          196.0
        ],
        [
          0.0,
          0.0,
          1.0
        ]
      ],
      [
        [
          1006.0342407226562,
          0.0,
          259.0
        ],
        [
          0.0,
          1010.6221923828125,
          196.0
        ],
        [
          0.0,
          0.0,
          1.0
        ]
      ],
      [
        [
          1004.5963745117188,
          0.0,
          259.0
        ],
        [
          0.0,
          1008.897216796875,
          196.0
        ],
        [
          0.0,
          0.0,
          1.0
        ]
      ],
      [
        [
          999.4639282226562,
          0.0,
          259.0
        ],
        [
          0.0,
          1003.8401489257812,
          196.0
        ],
        [
          0.0,
          0.0,
          1.0
        ]
      ],
      [
        [
          993.0640258789062,
          0.0,
          259.0
        ],
        [
          0.0,
          997.8328247070312,
          196.0
        ],
        [
          0.0,
          0.0,
          1.0
        ]
      ],
      [
        [
          1000.817138671875,
          0.0,
          259.0
        ],
        [
          0.0,
          1005.5687866210938,
          196.0
        ],
        [
          0.0,
          0.0,
          1.0
        ]
      ],
      [
        [
          985.98681640625,
          0.0,
          259.0
        ],
        [
          0.0,
          991.3236083984375,
          196.0
        ],
        [
          0.0,
          0.0,
          1.0
        ]
      ],
      [
        [
          983.23974609375,
          0.0,
          259.0
        ],
        [
          0.0,
          988.22802734375,
          196.0
        ],
        [
          0.0,
          0.0,
          1.0
        ]
      ],
      [
        [
          958.626220703125,
          0.0,
          259.0
        ],
        [
          0.0,
          963.2155151367188,
          196.0
        ],
        [
          0.0,
          0.0,
          1.0
        ]
      ],
      [
        [
          962.073974609375,
          0.0,
          259.0
        ],
        [
          0.0,
          966.861572265625,
          196.0
        ],
        [
          0.0,
          0.0,
          1.0
        ]
      ],
      [
        [
          950.132568359375,
          0.0,
          259.0
        ],
        [
          0.0,
          954.0746459960938,
          196.0
        ],
        [
          0.0,
          0.0,
          1.0
        ]
      ],
      [
        [
          951.3241577148438,
          0.0,
          259.0
        ],
        [
          0.0,
          955.9926147460938,
          196.0
        ],
        [
          0.0,
          0.0,
          1.0
        ]
      ],
      [
        [
          948.1197509765625,
          0.0,
          259.0
        ],
        [
          0.0,
          952.40087890625,
          196.0
        ],
        [
          0.0,
          0.0,
          1.0
        ]
      ]
    ]
  ],
  "extrinsic": [
    [
      [
        1.0,
        -2.0917073925375007e-05,
        0.00017696214490570128,
        0.00011514633661136031
      ],
      [
        2.0888710423605517e-05,
        1.0,
        0.00016028006211854517,
        2.503720679669641e-06
      ],
      [
        -0.0001769654918462038,
        -0.00016027636593207717,
        1.0,
        -0.00023588398471474648
      ],
      [
        0.0,
        0.0,
        0.0,
        1.0
      ]
    ],
    [
      [
        0.9999334216117859,
        -0.0016925126546993852,
        -0.01141604594886303,
        0.004714097827672958
      ],
      [
        0.001694633043371141,
        0.9999985694885254,
        0.00017606117762625217,
        -0.0010991356102749705
      ],
      [
        0.01141573116183281,
        -0.00019539544882718474,
        0.9999347925186157,
        -0.0004401830956339836
      ],
      [
        0.0,
        0.0,
        0.0,
        1.0
      ]
    ],
    [
      [
        0.9999987483024597,
        -0.0015392436180263758,
        -0.00035457336343824863,
        -0.0020590494386851788
      ],
      [
        0.0015394508372992277,
        0.9999986290931702,
        0.0005853470647707582,
        -0.002830963581800461
      ],
      [
        0.00035367190139368176,
        -0.0005858921795152128,
        0.9999997615814209,
        -0.00019499010522849858
      ],
      [
        0.0,
        0.0,
        0.0,
        1.0
      ]
    ],
    [
      [
        0.9999386072158813,
        0.0002703649806790054,
        0.011075301095843315,
        -0.009664185345172882
      ],
      [
        -0.00027427938766777515,
        0.9999998807907104,
        0.0003519145830068737,
        -0.003547634929418564
      ],
      [
        -0.011075204238295555,
        -0.0003549307584762573,
        0.9999386072158813,
        0.0038333304692059755
      ],
      [
        0.0,
        0.0,
        0.0,
        1.0
      ]
    ],
    [
      [
        0.9998857378959656,
        -0.0014544102596119046,
        0.015045125037431717,
        -0.012053259648382664
      ],
      [
        0.0014472578186541796,
        0.9999988079071045,
        0.0004862694477196783,
        -0.0037551638670265675
      ],
      [
        -0.015045814216136932,
        -0.00046443974133580923,
        0.999886691570282,
        0.004547283984720707
      ],
      [
        0.0,
        0.0,
        0.0,
        1.0
      ]
    ],
    [
      [
        0.9998015761375427,
        -0.0002068273170152679,
        0.01992003060877323,
        -0.014746095053851604
      ],
      [
        0.00020177777332719415,
        0.9999999403953552,
        0.0002555005776230246,
        -0.003966946620494127
      ],
      [
        -0.01992008276283741,
        -0.00025143043603748083,
        0.999801516532898,
        0.00458829291164875
      ],
      [
        0.0,
        0.0,
        0.0,
        1.0
      ]
    ],
    [
      [
        0.9995399117469788,
        -0.0002324603556189686,
        0.030330359935760498,
        -0.02210298553109169
      ],
      [
        0.00023193572997115552,
        1.0,
        2.081512320728507e-05,
        -0.004751893226057291
      ],
      [
        -0.030330363661050797,
        -1.3770853001915384e-05,
        0.9995399117469788,
        0.0037066442891955376
      ],
      [
        0.0,
        0.0,
        0.0,
        1.0
      ]
    ],
    [
      [
        0.9991836547851562,
        0.0002953710500150919,
        0.04039745777845383,
        -0.030303260311484337
      ],
      [
        -0.0003338989336043596,
        0.9999995231628418,
        0.0009469771757721901,
        -0.005539429374039173
      ],
      [
        -0.04039715975522995,
        -0.0009596928139217198,
        0.9991832375526428,
        0.014927531592547894
      ],
      [
        0.0,
        0.0,
        0.0,
        1.0
      ]
    ],
    [
      [
        0.9989938139915466,
        -0.0012642239453271031,
        0.044830307364463806,
        -0.033140629529953
      ],
      [
        0.0012249918654561043,
        0.9999988675117493,
        0.0009025817853398621,
        -0.0056328680366277695
      ],
      [
        -0.04483139514923096,
        -0.0008467568550258875,
        0.9989942312240601,
        0.009924471378326416
      ],
      [
        0.0,
        0.0,
        0.0,
        1.0
      ]
    ],
    [
      [
        0.998958945274353,
        -0.002380282850936055,
        0.04555555433034897,
        -0.033222466707229614
      ],
      [
        0.0023223520256578922,
        0.9999964237213135,
        0.0013245401205495,
        -0.005420005414634943
      ],
      [
        -0.045558542013168335,
        -0.0012173652648925781,
        0.9989609122276306,
        0.00544751575216651
      ],
      [
        0.0,
        0.0,
        0.0,
        1.0
      ]
    ],
    [
      [
        0.9985257983207703,
        -0.000804261420853436,
        0.0542728565633297,
        -0.040379300713539124
      ],
      [
        0.0006980753969401121,
        0.9999977946281433,
        0.001975450897589326,
        -0.005970097612589598
      ],
      [
        -0.05427432432770729,
        -0.0019346521003171802,
        0.9985241889953613,
        0.007413661107420921
      ],
      [
        0.0,
        0.0,
        0.0,
        1.0
      ]
    ],
    [
      [
        0.9982039928436279,
        -0.0015966878272593021,
        0.05988504737615585,
        -0.04336858540773392
      ],
      [
        0.0014988123439252377,
        0.9999974370002747,
        0.0016792751848697662,
        -0.005461834836751223
      ],
      [
        -0.05988757312297821,
        -0.0015865027671679854,
        0.9982038736343384,
        0.0076001728884875774
      ],
      [
        0.0,
        0.0,
        0.0,
        1.0
      ]
    ],
    [
      [
        0.997627317905426,
        -0.0024328227154910564,
        0.06880291551351547,
        -0.04774033650755882
      ],
      [
        0.00225773174315691,
        0.9999940395355225,
        0.0026224686298519373,
        -0.005432142876088619
      ],
      [
        -0.06880887597799301,
        -0.0024609079118818045,
        0.9976268410682678,
        0.014211145229637623
      ],
      [
        0.0,
        0.0,
        0.0,
        1.0
      ]
    ],
    [
      [
        0.9972316026687622,
        -0.0024841625709086657,
        0.07431694120168686,
        -0.05079386755824089
      ],
      [
        0.0023318170569837093,
        0.9999949932098389,
        0.002136642811819911,
        -0.004891801625490189
      ],
      [
        -0.07432187348604202,
        -0.001957434229552746,
        0.9972323775291443,
        0.012543417513370514
      ],
      [
        0.0,
        0.0,
        0.0,
        1.0
      ]
    ],
    [
      [
        0.9965640306472778,
        -0.002434682799503207,
        0.08279047906398773,
        -0.055133163928985596
      ],
      [
        0.002250891411677003,
        0.9999948143959045,
        0.0023132236674427986,
        -0.004791267681866884
      ],
      [
        -0.08279567956924438,
        -0.0021189230028539896,
        0.9965642690658569,
        0.012257784605026245
      ],
      [
        0.0,
        0.0,
        0.0,
        1.0
      ]
    ],
    [
      [
        0.9965559840202332,
        -0.0036610045935958624,
        0.08284188061952591,
        -0.054778091609478
      ],
      [
        0.0036056905519217253,
        0.9999931454658508,
        0.0008173045353032649,
        -0.0033295205794274807
      ],
      [
        -0.0828443095088005,
        -0.0005157875129953027,
        0.9965623617172241,
        0.008019337430596352
      ],
      [
        0.0,
        0.0,
        0.0,
        1.0
      ]
    ],
    [
      [
        0.9960992336273193,
        -0.004906911868602037,
        0.08810380846261978,
        -0.057621415704488754
      ],
      [
        0.004910045303404331,
        0.9999879002571106,
        0.00018115084094461054,
        -0.0027891749050468206
      ],
      [
        -0.08810362964868546,
        0.0002521494752727449,
        0.996111273765564,
        0.00684031518176198
      ],
      [
        0.0,
        0.0,
        0.0,
        1.0
      ]
    ],
    [
      [
        0.9957876205444336,
        -0.005789302289485931,
        0.09150708466768265,
        -0.05857311934232712
      ],
      [
        0.005755446385592222,
        0.9999832510948181,
        0.0006338680977933109,
        -0.003009040141478181
      ],
      [
        -0.09150921553373337,
        -0.00010453392314957455,
        0.9958042502403259,
        0.004160150419920683
      ],
      [
        0.0,
        0.0,
        0.0,
        1.0
      ]
    ],
    [
      [
        0.9955171346664429,
        -0.005899679381400347,
        0.09439730644226074,
        -0.0606386624276638
      ],
      [
        0.005980915389955044,
        0.9999819397926331,
        -0.0005776682519353926,
        -0.0018692074809223413
      ],
      [
        -0.09439218789339066,
        0.0011396609479561448,
        0.9955344200134277,
        0.003348712343722582
      ],
      [
        0.0,
        0.0,
        0.0,
        1.0
      ]
    ],
    [
      [
        0.9950721859931946,
        -0.005868479143828154,
        0.0989793986082077,
        -0.06193338334560394
      ],
      [
        0.005926608107984066,
        0.9999824166297913,
        -0.00029326131334528327,
        -0.0011342356447130442
      ],
      [
        -0.09897593408823013,
        0.0008784281671978533,
        0.9950894117355347,
        0.001412311801686883
      ],
      [
        0.0,
        0.0,
        0.0,
        1.0
      ]
    ],
    [
      [
        0.9946074485778809,
        -0.006875930353999138,
        0.10348294675350189,
        -0.06281380355358124
      ],
      [
        0.006867007352411747,
        0.9999763369560242,
        0.0004424991493579,
        -0.0008517426322214305
      ],
      [
        -0.10348354279994965,
        0.000270505144726485,
        0.9946311116218567,
        0.0008802294032648206
      ],
      [
        0.0,
        0.0,
        0.0,
        1.0
      ]
    ],
    [
      [
        0.9943385720252991,
        -0.008590759709477425,
        0.10591037571430206,
        -0.06507281213998795
      ],
      [
        0.008488968946039677,
        0.9999629855155945,
        0.0014118729159235954,
        -0.00012540345778688788
      ],
      [
        -0.10591858625411987,
