{
  "intrinsic": [
    [
      819.8866577148438,
      0.0,
      301.0
    ],
    [
      0.0,
      739.1055908203125,
      301.0
    ],
    [
      0.0,
      0.0,
      1.0
    ]
  ],
  "extrinsic": [
    [
      [
        1.0,
        0.0,
        0.0,
        0.0
      ],
      [
        0.0,
        0.9961946606636047,
        -0.08715574443340302,
        -2.1322144050373026e-09
      ],
      [
        0.0,
        0.08715574443340302,
        0.9961947202682495,
        0.940385103225708
      ],
      [
        0.0,
        0.0,
        0.0,
        1.0
      ]
    ],
    [
      [
        1.0,
        0.0,
        0.0,
        0.0029278192669153214
      ],
      [
        0.0,
        0.9961946606636047,
        -0.08715574443340302,
        -5.15560039104912e-10
      ],
      [
        0.0,
        0.08715574443340302,
        0.9961947202682495,
        0.9486134648323059
      ],
      [
        0.0,
        0.0,
        0.0,
        1.0
      ]
    ],
    [
      [
        1.0,
        0.0,
        0.0,
        0.005906431470066309
      ],
      [
        0.0,
        0.9961946606636047,
        -0.08715574443340302,
        -4.113636542513177e-09
      ],
      [
        0.0,
        0.08715574443340302,
        0.9961947202682495,
        0.9568418860435486
      ],
      [
        0.0,
        0.0,
        0.0,
        1.0
      ]
    ],
    [
      [
        1.0,
        0.0,
        0.0,
        0.008935835212469101
      ],
      [
        0.0,
        0.9961946606636047,
        -0.08715574443340302,
        -7.711713045921442e-09
      ],
      [
        0.0,
        0.08715574443340302,
        0.9961947202682495,
        0.9650703072547913
      ],
      [
        0.0,
        0.0,
        0.0,
        1.0
      ]
    ],
    [
      [
        1.0,
        0.0,
        0.0,
        0.01201603189110756
      ],
      [
        0.0,
        0.9961946606636047,
        -0.08715574443340302,
        -8.330908407572224e-09
      ],
      [
        0.0,
        0.08715574443340302,
        0.9961947202682495,
        0.9732986092567444
      ],
      [
        0.0,
        0.0,
        0.0,
        1.0
      ]
    ],
    [
      [
        1.0,
        0.0,
        0.0,
        0.015147021971642971
      ],
      [
        0.0,
        0.9961946606636047,
        -0.08715574443340302,
        -4.478404314056661e-09
      ],
      [
        0.0,
        0.08715574443340302,
        0.9961947202682495,
        0.9815270304679871
      ],
      [
        0.0,
        0.0,
        0.0,
        1.0
      ]
    ],
    [
      [
        1.0,
        0.0,
        0.0,
        0.018328800797462463
      ],
      [
        0.0,
        0.9961946606636047,
        -0.08715574443340302,
        -1.0312330545048098e-08
      ],
      [
        0.0,
        0.08715574443340302,
        0.9961947202682495,
        0.989755392074585
      ],
      [
        0.0,
        0.0,
        0.0,
        1.0
      ]
    ],
    [
      [
        1.0,
        0.0,
        0.0,
        0.02156137488782406
      ],
      [
        0.0,
        0.9961946606636047,
        -0.08715574443340302,
        1.7337855595656038e-09
      ],
      [
        0.0,
        0.08715574443340302,
        0.9961947202682495,
        0.9979836344718933
      ],
      [
        0.0,
        0.0,
        0.0,
        1.0
      ]
    ],
    [
      [
        1.0,
        4.7713170220342604e-11,
        2.2342451500012572e-10,
        0.02484474517405033
      ],
      [
        0.0,
        0.9961946606636047,
        -0.08715574443340302,
        -1.4901161193847656e-08
      ],
      [
        0.0,
        0.08715575188398361,
        0.9961947202682495,
        1.0062122344970703
      ],
      [
        0.0,
        1.9204531298555594e-09,
        8.99282781574584e-09,
        1.0
      ]
    ],
    [
      [
        1.0,
        -1.4141685045210295e-10,
        -3.619253230446873e-10,
        0.028178898617625237
      ],
      [
        0.0,
        0.9961946606636047,
        -0.08715574443340302,
        -5.290033744387301e-09
      ],
      [
        0.0,
        0.08715574443340302,
        0.9961947202682495,
        1.0144404172897339
      ],
      [
        0.0,
        -5.018536697320997e-09,
        -1.2843841545873147e-08,
        0.9999999403953552
      ]
    ],
    [
      [
        1.0,
        2.061728981983535e-10,
        2.106188334849435e-09,
        0.03156385198235512
      ],
      [
        0.0,
        0.9961946606636047,
        -0.08715574443340302,
        -7.450580596923828e-09
      ],
      [
        0.0,
        0.08715575188398361,
        0.9961947798728943,
        1.0226688385009766
      ],
      [
        0.0,
        6.531930996089841e-09,
        6.672786412309506e-08,
        1.0
      ]
    ],
    [
      [
        1.0,
        -7.151929872981078e-13,
        -1.2015560768574574e-09,
        0.03499959781765938
      ],
      [
        0.0,
        0.9961946606636047,
        -0.08715574443340302,
        -7.450580596923828e-09
      ],
      [
        0.0,
        0.08715575188398361,
        0.9961947202682495,
        1.0308972597122192
      ],
      [
        0.0,
        -2.043432090204078e-11,
        -3.4330568610130285e-08,
        1.0
      ]
    ],
    [
      [
        1.0,
        -1.0374585218686505e-10,
        -2.6511783879357154e-09,
        0.03848612681031227
      ],
      [
        0.0,
        0.9961946606636047,
        -0.08715575188398361,
        -5.4187601072897e-09
      ],
      [
        0.0,
        0.08715574443340302,
        0.9961946606636047,
        1.0391255617141724
      ],
      [
        0.0,
        -2.695668577246124e-09,
        -6.888659243031725e-08,
        0.9999999403953552
      ]
    ],
    [
      [
        1.0,
        5.392137777948669e-11,
        1.2111294189764976e-09,
        0.04202346131205559
      ],
      [
        0.0,
        0.9961946606636047,
        -0.08715574443340302,
        -1.4901161193847656e-08
      ],
      [
        0.0,
        0.08715574443340302,
        0.9961947202682495,
        1.047353982925415
      ],
      [
        0.0,
        1.2831256057665996e-09,
        2.8820316799738066e-08,
        1.0
      ]
    ],
    [
      [
        1.0,
        3.6987836404822616e-11,
        -9.858168725784822e-10,
        0.04561157897114754
      ],
      [
        0.0,
        0.9961946606636047,
        -0.08715574443340302,
        -1.4901161193847656e-08
      ],
      [
        0.0,
        0.08715575188398361,
        0.9961947202682495,
        1.0555822849273682
      ],
      [
        0.0,
        8.109308780035462e-10,
        -2.1613303147205443e-08,
        1.0
      ]
    ],
    [
      [
        1.0,
        2.6255017604448483e-10,
        1.136296279291571e-09,
        0.04925049468874931
      ],
      [
        0.0,
        0.9961946606636047,
        -0.08715575188398361,
        -2.2351741790771484e-08
      ],
      [
        0.0,
        0.08715575933456421,
        0.9961947798728943,
        1.0638108253479004
      ],
      [
        0.0,
        5.330914376600049e-09,
        2.307177382476766e-08,
        1.0
      ]
    ],
    [
      [
        1.0,
        6.090545277316617e-13,
        1.9233840908849942e-10,
        0.05294020101428032
      ],
      [
        0.0,
        0.9961946606636047,
        -0.08715574443340302,
        0.0
      ],
      [
        0.0,
        0.08715574443340302,
        0.9961947202682495,
        1.072039008140564
      ],
      [
        0.0,
        1.1504575070375722e-11,
        3.6331258002064715e-09,
        1.0
      ]
    ],
    [
      [
        1.0,
        3.05376252063283e-10,
        2.261266507375126e-09,
        0.056680694222450256
      ],
      [
        0.0,
        0.9961946606636047,
        -0.08715573698282242,
        -1.4901161193847656e-08
      ],
      [
        0.0,
        0.08715575188398361,
        0.9961947202682495,
        1.0802674293518066
      ],
      [
        0.0,
        5.38765920765627e-09,
        3.989482877386763e-08,
        1.0
      ]
    ],
    [
      [
        1.0,
        -3.003975124205027e-10,
        -2.074750371505729e-09,
        0.06047198548913002
      ],
      [
        0.0,
        0.9961946606636047,
        -0.08715574443340302,
        -1.3126792985929114e-08
      ],
      [
        0.0,
        0.08715574443340302,
        0.9961947202682495,
        1.0884958505630493
      ],
      [
        0.0,
        -4.967548150602852e-09,
        -3.430928074976691e-08,
        0.9999999403953552
      ]
    ],
    [
      [
        1.0,
        9.845588233581282e-11,
        1.7607781899187103e-09,
        0.06431406736373901
      ],
      [
        0.0,
        0.9961946606636047,
        -0.08715574443340302,
        0.0
      ],
      [
        0.0,
        0.08715574443340302,
        0.9961947202682495,
        1.0967241525650024
      ],
      [
        0.0,
        1.530860771481457e-09,
        2.73778084647347e-08,
        1.0
      ]
    ],
    [
      [
        1.0,
        3.269983173126434e-10,
        1.9501529557874875e-10,
        0.06820694357156754
      ],
      [
        0.0,
        0.9961946606636047,
        -0.08715574443340302,
        -2.2351741790771484e-08
      ],
      [
        0.0,
        0.08715574443340302,
        0.9961946606636047,
        1.1049525737762451
      ],
      [
        0.0,
        4.794208585678916e-09,
        2.859170677993461e-09,
        1.0
      ]
    ],
    [
      [
        1.0,
        -3.1769021441308e-11,
        -3.7138185859930672e-09,
        0.07215060293674469
      ],
      [
        0.0,
        0.9961946606636047,
        -0.08715575188398361,
        -5.8049387519076845e-09
      ],
      [
        0.0,
        0.08715574443340302,
        0.9961946606636047,
        1.1131808757781982
      ],
      [
        0.0,
        -4.403153397447568e-10,
        -5.1473140416646856e-08,
        0.9999999403953552
      ]
    ],
    [
      [
        1.0,
        2.8034913279739726e-10,
        -6.843288158364658e-10,
        0.07614506781101227
      ],
      [
        0.0,
        0.9961946606636047,
        -0.08715574443340302,
        -7.450580596923828e-09
      ],
      [
        0.0,
        0.08715575188398361,
        0.9961947202682495,
        1.121409296989441
      ],
      [
        0.0,
        3.6817766613239655e-09,
        -8.98717189556919e-09,
        1.0
      ]
    ],
    [
      [
        1.0,
        1.3408750498822286e-10,
        -1.6999566199160654e-09,
        0.08019032329320908
      ],
      [
        0.0,
        0.9961946606636047,
        -0.08715574443340302,
        -7.450580596923828e-09
      ],
      [
        0.0,
        0.08715574443340302,
        0.9961946606636047,
        1.129637598991394
      ],
      [
        0.0,
        1.6721157791721453e-09,
        -2.1199024757834195e-08,
        1.0
      ]
    ],
    [
      [
        1.0,
        -3.562378447785619e-10,
        -3.3077618422083788e-09,
        0.08428636193275452
      ],
      [
        0.0,
        0.9961946606636047,
        -0.08715575188398361,
        -1.3384244823555491e-08
      ],
      [
        0.0,
        0.08715573698282242,
        0.9961946606636047,
        1.1378660202026367
      ],
      [
        0.0,
        -4.226517802408125e-09,
        -3.924432689927926e-08,
        0.9999999403953552
      ]
    ],
    [
      [
        1.0,
        -3.527863765007133e-11,
        -4.409766773960655e-09,
        0.08843319863080978
      ],
      [
        0.0,
        0.9961946606636047,
        -0.08715575188398361,
        -5.976573458355006e-09
      ],
      [
        0.0,
        0.08715574443340302,
        0.9961946606636047,
        1.1460943222045898
      ],
      [
        0.0,
        -3.9892977810040975e-10,
        -4.98655090552802e-08,
        0.9999999403953552
      ]
    ],
    [
      [
        1.0,
        1.994891057899295e-10,
        5.822037851821449e-10,
        0.09263083338737488
      ],
      [
        0.0,
        0.9961946606636047,
        -0.08715574443340302,
        0.0
      ],
      [
        0.0,
        0.08715575188398361,
        0.9961947202682495,
        1.154322624206543
      ],
      [
        0.0,
        2.1535928595994847e-09,
        6.285205245148973e-09,
        1.0
      ]
    ],
    [
      [
        1.0,
        -1.4255983893374236e-10,
        -2.484196848229203e-09,
        0.0968792513012886
      ],
      [
        0.0,
        0.9961946606636047,
        -0.08715574443340302,
        -1.3512972074636309e-08
      ],
      [
        0.0,
        0.08715575188398361,
        0.9961947202682495,
        1.1625511646270752
      ],
      [
        0.0,
        -1.471520683082872e-09,
        -2.5642194145802932e-08,
        0.9999999403953552
      ]
    ],
    [
      [
        1.0,
        4.71463479367884e-10,
        3.1377296316748016e-09,
        0.10117847472429276
      ],
      [
        0.0,
        0.9961946606636047,
        -0.08715574443340302,
        -7.450580596923828e-09
      ],
      [
        0.0,
        0.08715575188398361,
        0.9961947202682495,
        1.1707795858383179
      ],
      [
        0.0,
        4.659721053457133e-09,
        3.101182954878823e-08,
        1.0
      ]
    ],
    [
      [
        1.0,
        -3.162518857902086e-10,
        4.950696519401276e-10,
        0.10552848130464554
      ],
      [
        0.0,
        0.9961946606636047,
        -0.08715574443340302,
        -7.450580596923828e-09
      ],
      [
        0.0,
        0.08715574443340302,
        0.9961947202682495,
        1.1790077686309814
      ],
      [
        0.0,
        -2.9968392212254003e-09,
        4.691337096573989e-09,
        1.0
      ]
    ],
    [
      [
        1.0,
        5.755795839945677e-10,
        1.4449034191343912e-09,
        0.10992927849292755
      ],
      [
        0.0,
        0.9961946606636047,
        -0.08715575188398361,
        -1.4901161193847656e-08
      ],
      [
        0.0,
        0.08715575933456421,
        0.9961947798728943,
        1.1872364282608032
      ],
      [
        0.0,
        5.235907707401566e-09,
        1.3143935717607746e-08,
        1.0
      ]
    ],
    [
      [
        1.0,
        -6.472536395740747e-11,
        2.2596977622413306e-09,
        0.11438087373971939
      ],
      [
        0.0,
        0.9961946606636047,
        -0.08715575188398361,
        -7.450580596923828e-09
      ],
      [
        0.0,
        0.08715575188398361,
        0.9961947798728943,
        1.1954646110534668
      ],
      [
        0.0,
        -5.658757906701339e-10,
        1.9755905356078074e-08,
        1.0
      ]
    ],
    [
      [
        1.0,
        -1.799693449822115e-10,
        3.928937619690487e-09,
        0.11888325214385986
      ],
      [
        0.0,
        0.9961946606636047,
        -0.08715574443340302,
        -7.450580596923828e-09
      ],
      [
        0.0,
        0.08715574443340302,
        0.9961947202682495,
        1.20369291305542
      ],
      [
        0.0,
        -1.5138326148189662e-09,
        3.304870688225492e-08,
        1.0
      ]
    ],
    [
      [
        1.0,
        -6.822025583330671e-11,
        3.6216629695218217e-09,
        0.12343642860651016
      ],
      [
        0.0,
        0.9961946606636047,
        -0.08715575188398361,
        -1.4901161193847656e-08
      ],
      [
        0.0,
        0.08715574443340302,
        0.9961947798728943,
        1.2119214534759521
      ],
      [
        0.0,
        -5.526752389073408e-10,
        2.93403097373357e-08,
        1.0
      ]
    ],
    [
      [
        1.0,
        6.219672554763633e-10,
        5.589371188108316e-09,
        0.1280404031276703
      ],
      [
        0.0,
        0.9961946606636047,
        -0.08715574443340302,
        -7.450580596923828e-09
      ],
      [
        0.0,
        0.08715575188398361,
        0.9961947798728943,
        1.2201497554779053
      ],
      [
        0.0,
        4.857585889084248e-09,
        4.365318417853814e-08,
        1.0
      ]
    ],
    [
      [
        1.0,
        -5.117810064625417e-10,
        -3.260028025309225e-09,
        0.13269515335559845
      ],
      [
        0.0,
        0.9961946606636047,
        -0.08715574443340302,
        -7.450580596923828e-09
      ],
      [
        0.0,
        0.08715573698282242,
        0.9961946606636047,
        1.2283780574798584
      ],
      [
        0.0,
        -3.856817532010837e-09,
        -2.456780023862848e-08,
        1.0
      ]
    ],
    [
      [
        1.0,
        -1.1593623977512735e-10,
        -4.742954473613281e-09,
        0.13740071654319763
      ],
      [
        0.0,
        0.9961946606636047,
        -0.08715575188398361,
        -7.450580596923828e-09
      ],
      [
        0.0,
        0.08715574443340302,
        0.9961946606636047,
        1.236606478691101
      ],
      [
        0.0,
        -8.437819332129948e-10,
        -3.451913954677366e-08,
        1.0
      ]
    ],
    [
      [
        1.0,
        3.9191672129845756e-10,
        4.0943510803970184e-09,
        0.14215706288814545
      ],
      [
        0.0,
        0.9961946606636047,
        -0.08715574443340302,
        -7.450580596923828e-09
      ],
      [
        0.0,
        0.08715575188398361,
        0.9961947202682495,
        1.2448348999023438
      ],
      [
        0.0,
        2.7569275751204714e-09,
        2.8801601104078145e-08,
        1.0
      ]
    ],
    [
      [
        1.0,
        -7.66860908107958e-10,
        -6.565720855888912e-09,
        0.1469641774892807
      ],
      [
        0.0,
        0.9961946606636047,
        -0.08715575188398361,
        -6.534386809420312e-09
      ],
      [
        0.0,
        0.08715574443340302,
        0.9961947202682495,
        1.2530630826950073
      ],
      [
        0.0,
        -5.218011800423028e-09,
        -4.4675651622583246e-08,
        0.9999999403953552
      ]
    ],
    [
      [
        1.0,
        -2.8277238883767097e-10,
        -3.3461096116127464e-09,
        0.15182210505008698
      ],
      [
        0.0,
        0.9961946606636047,
        -0.08715574443340302,
        -1.4027875749889063e-08
      ],
      [
        0.0,
        0.08715575188398361,
        0.9961947202682495,
        1.26129150390625
      ],
      [
        0.0,
        -1.8625243569658778e-09,
        -2.203967142122565e-08,
        0.9999999403953552
      ]
    ],
    [
      [
        1.0,
        -1.2012790762128134e-10,
        4.578711632063914e-09,
        0.15673086047172546
      ],
      [
        0.0,
        0.9961946606636047,
        -0.08715575188398361,
        -1.4901161193847656e-08
      ],
      [
        0.0,
        0.08715574443340302,
        0.9961947798728943,
        1.2695200443267822
      ],
      [
        0.0,
        -7.66459784529161e-10,
        2.921384734122512e-08,
        1.0
      ]
    ],
    [
      [
        1.0,
        -1.5441034562080347e-10,
        5.197920760480201e-09,
        0.161690354347229
      ],
      [
        0.0,
        0.9961946606636047,
        -0.08715574443340302,
        0.0
      ],
      [
        0.0,
        0.08715574443340302,
        0.9961947202682495,
        1.2777482271194458
      ],
      [
        0.0,
        -9.549756541105126e-10,
        3.2147376316515874e-08,
        1.0
      ]
    ],
    [
      [
        1.0,
        -8.967214748523133e-10,
        -5.304838790465283e-09,
        0.16670064628124237
      ],
      [
        0.0,
        0.9961946606636047,
        -0.08715574443340302,
        -1.4156602112791461e-08
      ],
      [
        0.0,
        0.08715573698282242,
        0.9961946606636047,
        1.2859766483306885
      ],
      [
        0.0,
        -5.3792317267209455e-09,
        -3.182254104672211e-08,
        0.9999999403953552
      ]
    ],
    [
      [
        1.0,
        8.354520547593225e-11,
        6.645695105333971e-09,
        0.17176178097724915
      ],
      [
        0.0,
        0.9961946606636047,
        -0.08715574443340302,
        -7.450580596923828e-09
      ],
      [
        0.0,
        0.08715575188398361,
        0.9961947798728943,
        1.2942050695419312
      ],
      [
        0.0,
        4.864015856753667e-10,
        3.869135056788764e-08,
        1.0
      ]
    ],
    [
      [
        1.0,
        3.2068647737304445e-10,
        -2.599104709233302e-09,
        0.17687366902828217
      ],
      [
        0.0,
        0.9961946606636047,
        -0.08715574443340302,
        0.0
      ],
      [
        0.0,
        0.08715574443340302,
        0.9961946606636047,
        1.3024333715438843
      ],
      [
        0.0,
        1.813082128876431e-09,
        -1.4694695238404165e-08,
        1.0
      ]
    ],
    [
      [
        1.0,
        -6.744628744392855e-10,
        -5.478690390248175e-09,
        0.18203632533550262
      ],
      [
        0.0,
        0.9961946606636047,
        -0.08715574443340302,
        -2.1735909072617687e-08
      ],
      [
        0.0,
        0.08715573698282242,
        0.9961946606636047,
        1.310661792755127
      ],
      [
        0.0,
        -3.705100226625291e-09,
        -3.009668603226601e-08,
        0.9999999403953552
      ]
    ],
    [
      [
        1.0,
        3.692140759792295e-10,
        1.6906551714157558e-09,
        0.18724983930587769
      ],
      [
        0.0,
        0.9961946606636047,
        -0.08715574443340302,
        -7.450580596923828e-09
      ],
      [
        0.0,
        0.08715575188398361,
        0.9961947202682495,
        1.3188902139663696
      ],
      [
        0.0,
        1.9717725230350425e-09,
        9.02887364873095e-09,
        1.0
      ]
    ],
    [
      [
        1.0,
        -4.0459063876951973e-10,
        3.1428355473650527e-09,
        0.1925140917301178
      ],
      [
        0.0,
        0.9961946606636047,
        -0.08715574443340302,
        -7.450580596923828e-09
      ],
      [
        0.0,
        0.08715574443340302,
        0.9961947202682495,
        1.3271185159683228
      ],
      [
        0.0,
        -2.1016157703002136e-09,
        1.632522383943069e-08,
        1.0
      ]
    ],
    [
      [
        1.0,
        -6.597222074189446e-11,
        5.309099826433794e-09,
        0.19782914221286774
      ],
      [
        0.0,
        0.9961946606636047,
        -0.08715575188398361,
        -1.4901161193847656e-08
      ],
      [
        0.0,
        0.08715574443340302,
        0.9961947798728943,
        1.3353469371795654
      ],
      [
        0.0,
        -3.334807985311272e-10,
        2.68367941202996e-08,
        1.0
      ]
    ],
    [
      [
        1.0,
        1.6574455696805046e-10,
        2.9419646718764625e-09,
        0.20319503545761108
      ],
      [
        0.0,
        0.9961946606636047,
        -0.08715575188398361,
        -1.4901161193847656e-08
      ],
      [
        0.0,
        0.08715575188398361,
        0.9961947798728943,
        1.343575358390808
      ],
      [
        0.0,
        8.156919584223488e-10,
        1.447852682190387e-08,
        1.0
      ]
    ],
    [
      [
        1.0,
        -3.235068879448022e-10,
        -1.644954727986203e-10,
        0.20861166715621948
      ],
      [
        0.0,
        0.9961946606636047,
        -0.08715574443340302,
        -7.450580596923828e-09
      ],
      [
        0.0,
        0.08715574443340302,
        0.9961946606636047,
        1.3518036603927612
      ],
      [
        0.0,
        -1.550761297153258e-09,
        -7.885248010097712e-10,
        1.0
      ]
    ],
    [
      [
        1.0,
        -5.02744790242815e-10,
        -3.5947076426623426e-09,
        0.2140790820121765
      ],
      [
        0.0,
        0.9961946606636047,
        -0.08715574443340302,
        -7.092200160485618e-09
      ],
      [
        0.0,
        0.08715574443340302,
        0.9961946606636047,
        1.3600318431854248
      ],
      [
        0.0,
        -2.34840680235493e-09,
        -1.6791492640777506e-08,
        0.9999999403953552
      ]
    ],
    [
      [
        1.0,
        -2.7820895587282735e-10,
        6.370490357454628e-09,
        0.21959735453128815
      ],
      [
        0.0,
        0.9961946606636047,
        -0.08715575188398361,
        -1.4901161193847656e-08
      ],
      [
        0.0,
        0.08715575188398361,
        0.9961947798728943,
        1.3682605028152466
      ],
      [
        0.0,
        -1.2669048032876162e-09,
        2.9009868285356788e-08,
        1.0
      ]
    ],
    [
      [
        1.0,
        -3.5432648481936724e-10,
        -4.409613563183257e-09,
        0.22516635060310364
      ],
      [
        0.0,
        0.9961946606636047,
        -0.08715574443340302,
        -7.178018179843093e-09
      ],
      [
        0.0,
        0.08715575188398361,
        0.9961947202682495,
        1.3764886856079102
      ],
      [
        0.0,
        -1.57362078923029e-09,
        -1.958380124733594e-08,
        0.9999999403953552
      ]
    ],
    [
      [
        1.0,
        -6.799448781791284e-10,
        -6.183853873409362e-09,
        0.23078615963459015
      ],
      [
        0.0,
        0.9961946606636047,
        -0.08715574443340302,
        -7.450580596923828e-09
      ],
      [
        0.0,
        0.08715573698282242,
        0.9961946606636047,
        1.3847169876098633
      ],
      [
        0.0,
        -2.9462117190348636e-09,
        -2.679473354305628e-08,
        1.0
      ]
    ],
    [
      [
        1.0,
        6.907903415953598e-11,
        -1.1439999170193005e-08,
        0.23645678162574768
      ],
      [
        0.0,
        0.9961946606636047,
        -0.08715574443340302,
        1.8674484181246953e-10
      ],
      [
        0.0,
        0.08715574443340302,
        0.99619460105896,
        1.392945408821106
      ],
      [
        0.0,
        2.921423103430243e-10,
        -4.83809259321788e-08,
        0.9999999403953552
      ]
    ],
    [
      [
        1.0,
        -6.576298949845238e-10,
        -3.2428124630001776e-09,
        0.24217817187309265
      ],
      [
        0.0,
        0.9961946606636047,
        -0.08715574443340302,
        -1.47573242514909e-08
      ],
      [
        0.0,
        0.08715574443340302,
        0.9961947202682495,
        1.4011738300323486
      ],
      [
        0.0,
        -2.7154793968975355e-09,
        -1.3390192066253803e-08,
        0.9999999403953552
      ]
    ],
    [
      [
        1.0,
        -6.56292908907119e-10,
        1.0360595714686838e-09,
        0.24795037508010864
      ],
      [
        0.0,
        0.9961946606636047,
        -0.08715574443340302,
        -7.450580596923828e-09
      ],
      [
        0.0,
        0.08715573698282242,
        0.9961946606636047,
        1.4094021320343018
      ],
      [
        0.0,
        -2.6468720548677993e-09,
        4.178495771611779e-09,
        1.0
      ]
    ],
    [
      [
        1.0,
        -6.866970325702937e-10,
        -1.0727149835076943e-08,
        0.25377336144447327
      ],
      [
        0.0,
        0.9961946606636047,
        -0.08715574443340302,
        -7.392561673924547e-09
      ],
      [
        0.0,
        0.08715573698282242,
        0.99619460105896,
        1.4176305532455444
      ],
      [
        0.0,
        -2.7059456897404743e-09,
        -4.2270585254300386e-08,
        0.9999999403953552
      ]
    ],
    [
      [
        1.0,
        -1.281165867839107e-10,
        -6.391559281837544e-09,
        0.2596471607685089
      ],
      [
        0.0,
        0.9961946606636047,
        -0.08715574443340302,
        -7.450580596923828e-09
      ],
      [
        0.0,
        0.08715575188398361,
        0.9961947202682495,
        1.425858974456787
      ],
      [
        0.0,
        -4.934257447075652e-10,
        -2.4616326754767215e-08,
        1.0
      ]
    ],
    [
      [
        1.0,
        3.1272776035429217e-10,
        2.8897062520627514e-09,
        0.2655717134475708
      ],
      [
        0.0,
        0.9961946606636047,
        -0.08715575188398361,
        0.0
      ],
      [
        0.0,
        0.08715575188398361,
        0.9961947798728943,
        1.4340872764587402
      ],
      [
        0.0,
        1.1775642683176102e-09,
        1.0881077372459913e-08,
        1.0
      ]
    ],
    [
      [
        1.0,
        3.519056990253233e-10,
        7.462014117720628e-09,
        0.2715471088886261
      ],
      [
        0.0,
        0.9961946606636047,
        -0.08715574443340302,
        -1.4901161193847656e-08
      ],
      [
        0.0,
        0.08715574443340302,
        0.9961947202682495,
        1.4423158168792725
      ],
      [
        0.0,
        1.295928697686577e-09,
        2.747962923876912e-08,
        1.0
      ]
    ],
    [
      [
        1.0,
        1.8397976198070154e-10,
        4.000683340166233e-09,
        0.27757325768470764
      ],
      [
        0.0,
        0.9961946606636047,
        -0.08715575188398361,
        -2.9802322387695312e-08
      ],
      [
        0.0,
        0.08715575188398361,
        0.9961947798728943,
        1.4505442380905151
      ],
      [
        0.0,
        6.628151361098844e-10,
        1.441307162508565e-08,
        1.0
      ]
    ],
    [
      [
        1.0,
        -4.846430479155117e-10,
        -3.2958387130577194e-09,
        0.2836501896381378
      ],
      [
        0.0,
        0.9961946606636047,
        -0.08715574443340302,
        0.0
      ],
      [
        0.0,
        0.08715574443340302,
        0.9961947202682495,
        1.4587724208831787
      ],
      [
        0.0,
        -1.7085941550476491e-09,
        -1.1619377460192482e-08,
        1.0
      ]
    ],
    [
      [
        1.0,
        2.835543744250657e-10,
        -6.940166219493449e-09,
        0.289777934551239
      ],
      [
        0.0,
        0.9961946606636047,
        -0.08715574443340302,
        -1.4901161193847656e-08
      ],
      [
        0.0,
        0.08715574443340302,
        0.9961946606636047,
        1.4670008420944214
      ],
      [
        0.0,
        9.785230403736023e-10,
        -2.3949947802748284e-08,
        1.0
      ]
    ],
    [
      [
        1.0,
        -6.475611713518958e-10,
        1.946252325968345e-10,
        0.29595646262168884
      ],
      [
        0.0,
        0.9961946606636047,
        -0.08715574443340302,
        0.0
      ],
      [
        0.0,
        0.08715574443340302,
        0.9961947202682495,
        1.4752291440963745
      ],
      [
        0.0,
        -2.1880284251096782e-09,
        6.576144073733303e-10,
        1.0
      ]
    ],
    [
      [
        1.0,
        -5.984132078751259e-10,
        -1.1207173855609653e-08,
        0.3021857440471649
      ],
      [
        0.0,
        0.9961946606636047,
        -0.08715575188398361,
        -7.735831530908399e-09
      ],
      [
        0.0,
        0.08715574443340302,
        0.9961946606636047,
        1.4834574460983276
      ],
      [
        0.0,
        -1.9802826045633992e-09,
        -3.70870338883833e-08,
        0.9999999403953552
      ]
    ],
    [
      [
        1.0,
        -3.4925773384486547e-10,
        -4.0875267615092525e-09,
        0.3084658980369568
      ],
      [
        0.0,
        0.9961946606636047,
        -0.08715574443340302,
        -2.9802322387695312e-08
      ],
      [
        0.0,
        0.08715574443340302,
        0.9961946606636047,
        1.4916859865188599
      ],
      [
        0.0,
        -1.1322409676495226e-09,
        -1.325114595829291e-08,
        1.0
      ]
    ],
    [
      [
        1.0,
        1.0303089492680328e-09,
        4.38733138707903e-09,
        0.3147968351840973
      ],
      [
        0.0,
        0.9961946606636047,
        -0.08715574443340302,
        0.0
      ],
      [
        0.0,
        0.08715575188398361,
        0.9961947202682495,
        1.499914288520813
      ],
      [
        0.0,
        3.272933035702863e-09,
        1.3937025755694776e-08,
        1.0
      ]
    ],
    [
      [
        1.0,
        -2.166165163908218e-10,
        2.402599230677538e-09,
        0.32117852568626404
      ],
      [
        0.0,
        0.9961946606636047,
        -0.08715575188398361,
        -1.4901161193847656e-08
      ],
      [
        0.0,
        0.08715575188398361,
        0.9961947798728943,
        1.5081427097320557
      ],
      [
        0.0,
        -6.744427238913886e-10,
        7.480572605800262e-09,
        1.0
      ]
    ],
    [
      [
        1.0,
        -7.528814793822391e-10,
        -9.668423395226e-09,
        0.3276109993457794
      ],
      [
        0.0,
        0.9961946606636047,
        -0.08715575188398361,
        1.4901161193847656e-08
      ],
      [
        0.0,
        0.08715574443340302,
        0.9961946606636047,
        1.5163708925247192
      ],
      [
        0.0,
        -2.2980959357710162e-09,
        -2.9511902255308087e-08,
        1.0
      ]
    ],
    [
      [
        1.0,
        1.1478780148621581e-09,
        1.0460764476860618e-09,
        0.3340943157672882
      ],
      [
        0.0,
        0.9961946606636047,
        -0.08715575188398361,
        -2.9802322387695312e-08
      ],
      [
        0.0,
        0.08715575933456421,
        0.9961947798728943,
        1.524599552154541
      ],
      [
        0.0,
        3.4357903189174976e-09,
        3.1310811721141363e-09,
        1.0
      ]
    ],
    [
      [
        1.0,
        7.255230860536699e-10,
        3.6200289432741783e-09,
        0.34062838554382324
      ],
      [
        0.0,
        0.9961946606636047,
        -0.08715574443340302,
        -1.4901161193847656e-08
      ],
      [
        0.0,
        0.08715575188398361,
        0.9961947202682495,
        1.5328277349472046
      ],
      [
        0.0,
        2.1299548791375855e-09,
        1.0627502433635527e-08,
        1.0
      ]
    ],
    [
      [
        1.0,
        4.795132624302312e-10,
        1.1723143344966047e-08,
        0.3472132384777069
      ],
      [
        0.0,
        0.9961946606636047,
        -0.08715573698282242,
        -1.4901161193847656e-08
      ],
      [
        0.0,
        0.08715574443340302,
        0.9961947202682495,
        1.5410561561584473
      ],
      [
        0.0,
        1.381033953862243e-09,
        3.3763527085284295e-08,
        1.0
      ]
    ],
    [
      [
        1.0,
        4.6184470137156097e-10,
        5.078760523247183e-09,
        0.353848934173584
      ],
      [
        0.0,
        0.9961946606636047,
        -0.08715575188398361,
        -1.4901161193847656e-08
      ],
      [
        0.0,
        0.08715575188398361,
        0.9961947798728943,
        1.5492846965789795
      ],
      [
        0.0,
        1.3052030567450856e-09,
        1.4352906418935163e-08,
        1.0
      ]
    ],
    [
      [
        1.0,
        -4.539179102036606e-11,
        6.18439122135328e-09,
        0.3605353832244873
      ],
      [
        0.0,
        0.9961946606636047,
        -0.08715574443340302,
        0.0
      ],
      [
        0.0,
        0.08715574443340302,
        0.9961947202682495,
        1.5575127601623535
      ],
      [
        0.0,
        -1.2590106734933215e-10,
        1.715335429253173e-08,
        1.0
      ]
    ],
    [
      [
        1.0,
        7.727013473513011e-11,
        -6.4650893527584685e-09,
        0.36727261543273926
      ],
      [
        0.0,
        0.9961946606636047,
        -0.08715574443340302,
        -1.4901161193847656e-08
      ],
      [
        0.0,
        0.08715575188398361,
        0.9961947202682495,
        1.5657413005828857
      ],
      [
        0.0,
        2.1038903952330656e-10,
        -1.7602971524866007e-08,
        1.0
      ]
    ],
    [
      [
        1.0,
        2.6603760860943737e-10,
        -3.0941915696303113e-09,
        0.3740606904029846
      ],
      [
        0.0,
        0.9961946606636047,
        -0.08715574443340302,
        -1.4901161193847656e-08
      ],
      [
        0.0,
        0.08715575188398361,
        0.9961947202682495,
        1.5739696025848389
      ],
      [
        0.0,
        7.112150868238132e-10,
        -8.271896945188928e-09,
        1.0
      ]
    ],
    [
      [
        1.0,
        1.30504185236191e-09,
        9.878907469840215e-09,
        0.38089948892593384
      ],
      [
        0.0,
        0.9961946606636047,
        -0.08715575188398361,
        -1.4901161193847656e-08
      ],
      [
        0.0,
        0.08715575188398361,
        0.9961947798728943,
        1.5821980237960815
      ],
      [
        0.0,
        3.426210426482612e-09,
        2.5935733560800145e-08,
        1.0
      ]
    ],
    [
      [
        1.0,
        6.283062403689144e-10,
        -1.4842346240939719e-09,
        0.3877891004085541
      ],
      [
        0.0,
        0.9961946606636047,
        -0.08715574443340302,
        -1.4901161193847656e-08
      ],
      [
        0.0,
        0.08715574443340302,
        0.9961946606636047,
        1.5904264450073242
      ],
      [
        0.0,
        1.6202266195364246e-09,
        -3.82742726401375e-09,
        1.0
      ]
    ],
    [
      [
        1.0,
        8.885149282988891e-10,
        -4.669244102473158e-09,
        0.3947295546531677
      ],
      [
        0.0,
        0.9961946606636047,
        -0.08715575188398361,
        -1.4901161193847656e-08
      ],
      [
        0.0,
        0.08715575933456421,
        0.9961947798728943,
        1.598654866218567
      ],
      [
        0.0,
        2.2509460961828154e-09,
        -1.1828969803673317e-08,
        1.0
      ]
    ]
  ],
  "height": 602,
  "width": 602
}