{
  "intrinsic": [
    [
      1402.125732421875,
      0.0,
      304.0
    ],
    [
      0.0,
      1402.125732421875,
      304.0
    ],
    [
      0.0,
      0.0,
      1.0
    ]
  ],
  "extrinsic": [
    [
      [
        1.0,
        0.0,
        0.0,
        0.0
      ],
      [
        0.0,
        0.9961946606636047,
        -0.08715574443340302,
        -5.559246574193821e-08
      ],
      [
        0.0,
        0.08715573698282242,
        0.99619460105896,
        4.9456329345703125
      ],
      [
        0.0,
        -7.675805546725201e-10,
        -9.902453967924885e-09,
        0.9999999403953552
      ]
    ],
    [
      [
        0.9969173073768616,
        -6.982188160975511e-10,
        0.07845908403396606,
        -2.153046807507053e-08
      ],
      [
        0.00683816010132432,
        0.9961946606636047,
        -0.08688706904649734,
        -2.9802322387695312e-08
      ],
      [
        -0.07816052436828613,
        0.08715573698282242,
        0.9931237101554871,
        4.9456329345703125
      ],
      [
        -1.5199219660644303e-10,
        5.311411310771064e-10,
        6.503457328221884e-09,
        1.0
      ]
    ],
    [
      [
        0.9876883625984192,
        5.953373349854019e-10,
        0.15643446147441864,
        9.597677319561626e-08
      ],
      [
        0.013634161092340946,
        0.9961946606636047,
        -0.08608270436525345,
        -5.960464477539063e-08
      ],
      [
        -0.15583917498588562,
        0.08715573698282242,
        0.9839298129081726,
        4.945633411407471
      ],
      [
        -1.57397650468738e-10,
        -2.0365709119118947e-10,
        -6.658257944991419e-09,
        1.0
      ]
    ],
    [
      [
        0.9723699688911438,
        -3.228933509458187e-10,
        0.23344539105892181,
        -3.764440137388192e-08
      ],
      [
        0.020346105098724365,
        0.9961947202682495,
        -0.08474763482809067,
        -8.453019617604696e-09
      ],
      [
        -0.23255687952041626,
        0.08715573698282242,
        0.9686697721481323,
        4.9456329345703125
      ],
      [
        -5.960464477539063e-08,
        -7.675805546725201e-10,
        -1.1822644196968213e-08,
        1.0
      ]
    ],
    [
      [
        0.9510564804077148,
        -1.6502230693049569e-09,
        0.3090169429779053,
        -9.115175458873637e-08
      ],
      [
        0.026932597160339355,
        0.9961947202682495,
        -0.08289002627134323,
        -2.9313646621176304e-08
      ],
      [
        -0.3078410029411316,
        0.08715573698282242,
        0.9474374055862427,
        4.9456329345703125
      ],
      [
        5.960464477539063e-08,
        -2.0663022404221465e-09,
        8.14527112424912e-09,
        0.9999999403953552
      ]
    ],
    [
      [
        0.9238796234130859,
        -3.5242067042418057e-09,
        0.3826834559440613,
        -3.7984822398584583e-08
      ],
      [
        0.0333530455827713,
        0.9961947202682495,
        -0.08052141964435577,
        -1.4126574576778239e-08
      ],
      [
        -0.3812269866466522,
        0.08715573698282242,
        0.9203639030456543,
        4.9456329345703125
      ],
      [
        0.0,
        -7.675805546725201e-10,
        -6.61933796664016e-09,
        1.0
      ]
    ],
    [
      [
        0.8910065293312073,
        -2.4907229612125548e-09,
        0.45399051904678345,
        -2.2859252268858654e-08
      ],
      [
        0.03956787288188934,
        0.9961947202682495,
        -0.0776563435792923,
        -1.820892059356538e-08
      ],
      [
        -0.45226287841796875,
        0.08715574443340302,
        0.887615978717804,
        4.9456329345703125
      ],
      [
        0.0,
        -1.1237288877197216e-09,
        -6.117118367399144e-09,
        0.9999999403953552
      ]
    ],
    [
      [
        0.8526401519775391,
        2.4276094467978737e-09,
        0.5224985480308533,
        5.1093255848400077e-08
      ],
      [
        0.045538753271102905,
        0.9961947202682495,
        -0.0743124783039093,
        2.259118669911686e-09
      ],
      [
        -0.5205102562904358,
        0.08715573698282242,
        0.8493955731391907,
        4.9456329345703125
      ],
      [
        0.0,
        -1.3315040181538507e-09,
        9.532540090617658e-09,
        1.0
      ]
    ],
    [
      [
        0.80901700258255,
        -2.3790360792474985e-09,
        0.5877852439880371,
        1.7690307174689224e-07
      ],
      [
        0.05122885853052139,
        0.9961947202682495,
        -0.07051046937704086,
        -1.1695350465856791e-08
      ],
      [
        -0.5855485796928406,
        0.08715573698282242,
        0.8059383630752563,
        4.9456329345703125
      ],
      [
        0.0,
        -1.3315040181538507e-09,
        -9.3925578426024e-10,
        1.0
      ]
    ],
    [
      [
        0.760405957698822,
        2.6718758316945923e-09,
        0.649448037147522,
        1.948630234949178e-08
      ],
      [
        0.05660312622785568,
        0.9961947202682495,
        -0.0662737488746643,
        -2.410756216875143e-08
      ],
      [
        -0.6469766497612,
        0.08715573698282242,
        0.7575123906135559,
        4.9456329345703125
      ],
      [
        0.0,
        -7.675805546725201e-10,
        1.1319863268965946e-08,
        0.9999999403953552
      ]
    ],
    [
      [
        0.7071067690849304,
        2.4780924534617554e-10,
        0.7071067690849304,
        -4.107003093167805e-08
      ],
      [
        0.061628423631191254,
        0.9961947202682495,
        -0.06162841618061066,
        -1.8539569879294504e-08
      ],
      [
        -0.7044159770011902,
        0.08715573698282242,
        0.7044159770011902,
        4.9456329345703125
      ],
      [
        0.0,
        -7.675805546725201e-10,
        -4.592629387900615e-09,
        0.9999999403953552
      ]
    ],
    [
      [
        0.6494480967521667,
        -2.987220470984653e-09,
        0.7604060173034668,
        -2.1483960210844089e-07
      ],
      [
        0.0662737488746643,
        0.9961947202682495,
        -0.05660313740372658,
        -3.77717519484122e-08
      ],
      [
        -0.7575123310089111,
        0.08715573698282242,
        0.6469766497612,
        4.9456329345703125
      ],
      [
        0.0,
        -2.0663022404221465e-09,
        -2.078367700164563e-08,
        0.9999999403953552
      ]
    ],
    [
      [
        0.5877851843833923,
        8.612747182112912e-10,
        0.80901700258255,
        -9.052759253336262e-08
      ],
      [
        0.07051048427820206,
        0.9961947202682495,
        -0.05122886225581169,
        -1.6386637824439276e-08
      ],
      [
        -0.8059384822845459,
        0.08715573698282242,
        0.5855485200881958,
        4.9456329345703125
      ],
      [
        0.0,
        -7.675805546725201e-10,
        -1.794457915593739e-10,
        0.9999999403953552
      ]
    ],
    [
      [
        0.522498607635498,
        1.9774197834721008e-09,
        0.8526402115821838,
        -3.4515920788180665e-08
      ],
      [
        0.0743124857544899,
        0.9961947202682495,
        -0.04553874954581261,
        1.1369333918764823e-08
      ],
      [
        -0.8493955731391907,
        0.08715573698282242,
        0.5205103158950806,
        4.9456329345703125
      ],
      [
        0.0,
        5.311411310771064e-10,
        7.430625004190006e-09,
        1.0
      ]
    ],
    [
      [
        0.45399051904678345,
        -2.3972712703823618e-09,
        0.8910065293312073,
        -5.0864581879750403e-08
      ],
      [
        0.0776563361287117,
        0.9961947202682495,
        -0.03956788033246994,
        -1.986026099132232e-08
      ],
      [
        -0.887615978717804,
        0.08715574443340302,
        0.45226290822029114,
        4.9456329345703125
      ],
      [
        0.0,
        -1.1237288877197216e-09,
        -3.442421014909769e-09,
        0.9999999403953552
      ]
    ],
    [
      [
        0.3826833963394165,
        3.3446054814589843e-09,
        0.9238795042037964,
        8.871073475802405e-08
      ],
      [
        0.08052141219377518,
        0.9961947202682495,
        -0.033353060483932495,
        -2.532161325063953e-08
      ],
      [
        -0.9203638434410095,
        0.08715573698282242,
        0.38122716546058655,
        4.9456329345703125
      ],
      [
        1.4901161193847656e-08,
        -7.675805546725201e-10,
        -3.618804367278017e-09,
        0.9999999403953552
      ]
    ],
    [
      [
        0.30901697278022766,
        1.424550144513148e-09,
        0.9510564804077148,
        4.868860159490396e-08
      ],
      [
        0.08289003372192383,
        0.9961947202682495,
        -0.026932604610919952,
        -2.3497852552623044e-08
      ],
      [
        -0.9474373459815979,
        0.08715573698282242,
        0.307841032743454,
        4.9456329345703125
      ],
      [
        0.0,
        -7.675805546725201e-10,
        -1.0298142782971809e-08,
        0.9999999403953552
      ]
    ],
    [
      [
        0.23344536125659943,
        7.38983596537679e-10,
        0.972369909286499,
        1.124788173711977e-08
      ],
      [
        0.08474762737751007,
        0.9961947202682495,
        -0.020346105098724365,
        -2.2354411655101103e-08
      ],
      [
        -0.9686697125434875,
        0.08715573698282242,
        0.2325569987297058,
        4.9456329345703125
      ],
      [
        0.0,
        -7.675805546725201e-10,
        -5.419075854717903e-09,
        0.9999999403953552
      ]
    ],
    [
      [
        0.15643446147441864,
        -3.0218445801200033e-11,
        0.9876883625984192,
        -1.7005192809449454e-09
      ],
      [
        0.08608271181583405,
        0.9961947202682495,
        -0.013634161092340946,
        -2.209558402910261e-08
      ],
      [
        -0.9839297533035278,
        0.08715573698282242,
        0.15583917498588562,
        4.9456329345703125
      ],
      [
        1.4901161193847656e-08,
        -7.675805546725201e-10,
        -1.2457079812122629e-09,
        0.9999999403953552
      ]
    ],
    [
      [
        0.07845910638570786,
        1.0825920021551028e-10,
        0.9969173669815063,
        -7.026763615414211e-09
      ],
      [
        0.08688707649707794,
        0.9961947202682495,
        -0.006838161498308182,
        -2.2070860694611838e-08
      ],
      [
        -0.9931237101554871,
        0.08715573698282242,
        0.07816053181886673,
        4.9456329345703125
      ],
      [
        1.4901161193847656e-08,
        -7.675805546725201e-10,
        -1.3688387090482479e-09,
        0.9999999403953552
      ]
    ],
    [
      [
        6.123234262925839e-17,
        3.1278297914158186e-25,
        1.0,
        2.510352812854791e-24
      ],
      [
        0.08715574443340302,
        0.9961947202682495,
        -5.336750522920114e-18,
        -2.2119058584735285e-08
      ],
      [
        -0.99619460105896,
        0.08715573698282242,
        6.099932915942466e-17,
        4.9456329345703125
      ],
      [
        1.4901161193847656e-08,
        -7.675805546725201e-10,
        -7.130547248881198e-25,
        0.9999999403953552
      ]
    ],
    [
      [
        -0.07845910638570786,
        -1.0825920021551028e-10,
        0.9969173669815063,
        7.026763615414211e-09
      ],
      [
        0.08688707649707794,
        0.9961947202682495,
        0.006838161498308182,
        -2.2070860694611838e-08
      ],
      [
        -0.9931237101554871,
        0.08715573698282242,
        -0.07816053181886673,
        4.9456329345703125
      ],
      [
        1.4901161193847656e-08,
        -7.675805546725201e-10,
        1.3688387090482479e-09,
        0.9999999403953552
      ]
    ],
    [
      [
        -0.15643446147441864,
        3.0218445801200033e-11,
        0.9876883625984192,
        1.7005192809449454e-09
      ],
      [
        0.08608271181583405,
        0.9961947202682495,
        0.013634161092340946,
        -2.209558402910261e-08
      ],
      [
        -0.9839297533035278,
        0.08715573698282242,
        -0.15583917498588562,
        4.9456329345703125
      ],
      [
        1.4901161193847656e-08,
        -7.675805546725201e-10,
        1.2457079812122629e-09,
        0.9999999403953552
      ]
    ],
    [
      [
        -0.23344536125659943,
        -7.38983596537679e-10,
        0.972369909286499,
        -1.124788173711977e-08
      ],
      [
        0.08474762737751007,
        0.9961947202682495,
        0.020346105098724365,
        -2.2354411655101103e-08
      ],
      [
        -0.9686697125434875,
        0.08715573698282242,
        -0.2325569987297058,
        4.9456329345703125
      ],
      [
        0.0,
        -7.675805546725201e-10,
        5.419075854717903e-09,
        0.9999999403953552
      ]
    ],
    [
      [
        -0.30901697278022766,
        -1.424550144513148e-09,
        0.9510564804077148,
        -4.868860159490396e-08
      ],
      [
        0.08289003372192383,
        0.9961947202682495,
        0.026932604610919952,
        -2.3497852552623044e-08
      ],
      [
        -0.9474373459815979,
        0.08715573698282242,
        -0.307841032743454,
        4.9456329345703125
      ],
      [
        0.0,
        -7.675805546725201e-10,
        1.0298142782971809e-08,
        0.9999999403953552
      ]
    ],
    [
      [
        -0.3826833963394165,
        -3.3446054814589843e-09,
        0.9238795042037964,
        -8.871073475802405e-08
      ],
      [
        0.08052141219377518,
        0.9961947202682495,
        0.033353060483932495,
        -2.532161325063953e-08
      ],
      [
        -0.9203638434410095,
        0.08715573698282242,
        -0.38122716546058655,
        4.9456329345703125
      ],
      [
        1.4901161193847656e-08,
        -7.675805546725201e-10,
        3.618804367278017e-09,
        0.9999999403953552
      ]
    ],
    [
      [
        -0.45399051904678345,
        2.3972712703823618e-09,
        0.8910065293312073,
        5.0864581879750403e-08
      ],
      [
        0.0776563361287117,
        0.9961947202682495,
        0.03956788033246994,
        -1.986026099132232e-08
      ],
      [
        -0.887615978717804,
        0.08715574443340302,
        -0.45226290822029114,
        4.9456329345703125
      ],
      [
        0.0,
        -1.1237288877197216e-09,
        3.442421014909769e-09,
        0.9999999403953552
      ]
    ],
    [
      [
        -0.522498607635498,
        -1.9774197834721008e-09,
        0.8526402115821838,
        3.4515920788180665e-08
      ],
      [
        0.0743124857544899,
        0.9961947202682495,
        0.04553874954581261,
        1.1369333918764823e-08
      ],
      [
        -0.8493955731391907,
        0.08715573698282242,
        -0.5205103158950806,
        4.9456329345703125
      ],
      [
        0.0,
        5.311411310771064e-10,
        -7.430625004190006e-09,
        1.0
      ]
    ],
    [
      [
        -0.5877851843833923,
        -8.612747182112912e-10,
        0.80901700258255,
        9.052759253336262e-08
      ],
      [
        0.07051048427820206,
        0.9961947202682495,
        0.05122886225581169,
        -1.6386637824439276e-08
      ],
      [
        -0.8059384822845459,
        0.08715573698282242,
        -0.5855485200881958,
        4.9456329345703125
      ],
      [
        0.0,
        -7.675805546725201e-10,
        1.794457915593739e-10,
        0.9999999403953552
      ]
    ],
    [
      [
        -0.6494480967521667,
        2.987220470984653e-09,
        0.7604060173034668,
        2.1483960210844089e-07
      ],
      [
        0.0662737488746643,
        0.9961947202682495,
        0.05660313740372658,
        -3.77717519484122e-08
      ],
      [
        -0.7575123310089111,
        0.08715573698282242,
        -0.6469766497612,
        4.9456329345703125
      ],
      [
        0.0,
        -2.0663022404221465e-09,
        2.078367700164563e-08,
        0.9999999403953552
      ]
    ],
    [
      [
        -0.7071067690849304,
        -2.4780924534617554e-10,
        0.7071067690849304,
        4.107003093167805e-08
      ],
      [
        0.061628423631191254,
        0.9961947202682495,
        0.06162841618061066,
        -1.8539569879294504e-08
      ],
      [
        -0.7044159770011902,
        0.08715573698282242,
        -0.7044159770011902,
        4.9456329345703125
      ],
      [
        0.0,
        -7.675805546725201e-10,
        4.592629387900615e-09,
        0.9999999403953552
      ]
    ],
    [
      [
        -0.760405957698822,
        -2.6718758316945923e-09,
        0.649448037147522,
        -1.948630234949178e-08
      ],
      [
        0.05660312622785568,
        0.9961947202682495,
        0.0662737488746643,
        -2.410756216875143e-08
      ],
      [
        -0.6469766497612,
        0.08715573698282242,
        -0.7575123906135559,
        4.9456329345703125
      ],
      [
        0.0,
        -7.675805546725201e-10,
        -1.1319863268965946e-08,
        0.9999999403953552
      ]
    ],
    [
      [
        -0.80901700258255,
        2.3790360792474985e-09,
        0.5877852439880371,
        -1.7690307174689224e-07
      ],
      [
        0.05122885853052139,
        0.9961947202682495,
        0.07051046937704086,
        -1.1695350465856791e-08
      ],
      [
        -0.5855485796928406,
        0.08715573698282242,
        -0.8059383630752563,
        4.9456329345703125
      ],
      [
        0.0,
        -1.3315040181538507e-09,
        9.3925578426024e-10,
        1.0
      ]
    ],
    [
      [
        -0.8526401519775391,
        -2.4276094467978737e-09,
        0.5224985480308533,
        -5.1093255848400077e-08
      ],
      [
        0.045538753271102905,
        0.9961947202682495,
        0.0743124783039093,
        2.259118669911686e-09
      ],
      [
        -0.5205102562904358,
        0.08715573698282242,
        -0.8493955731391907,
        4.9456329345703125
      ],
      [
        0.0,
        -1.3315040181538507e-09,
        -9.532540090617658e-09,
        1.0
      ]
    ],
    [
      [
        -0.8910065293312073,
        2.4907229612125548e-09,
        0.45399051904678345,
        2.2859252268858654e-08
      ],
      [
        0.03956787288188934,
        0.9961947202682495,
        0.0776563435792923,
        -1.820892059356538e-08
      ],
      [
        -0.45226287841796875,
        0.08715574443340302,
        -0.887615978717804,
        4.9456329345703125
      ],
      [
        0.0,
        -1.1237288877197216e-09,
        6.117118367399144e-09,
        0.9999999403953552
      ]
    ],
    [
      [
        -0.9238796234130859,
        3.5242067042418057e-09,
        0.3826834559440613,
        3.7984822398584583e-08
      ],
      [
        0.0333530455827713,
        0.9961947202682495,
        0.08052141964435577,
        -1.4126574576778239e-08
      ],
      [
        -0.3812269866466522,
        0.08715573698282242,
        -0.9203639030456543,
        4.9456329345703125
      ],
      [
        0.0,
        -7.675805546725201e-10,
        6.61933796664016e-09,
        1.0
      ]
    ],
    [
      [
        -0.9510564804077148,
        1.6502230693049569e-09,
        0.3090169429779053,
        9.115175458873637e-08
      ],
      [
        0.026932597160339355,
        0.9961947202682495,
        0.08289002627134323,
        -2.9313646621176304e-08
      ],
      [
        -0.3078410029411316,
        0.08715573698282242,
        -0.9474374055862427,
        4.9456329345703125
      ],
      [
        5.960464477539063e-08,
        -2.0663022404221465e-09,
        -8.14527112424912e-09,
        0.9999999403953552
      ]
    ],
    [
      [
        -0.9723699688911438,
        3.228933509458187e-10,
        0.23344539105892181,
        3.764440137388192e-08
      ],
      [
        0.020346105098724365,
        0.9961947202682495,
        0.08474763482809067,
        -8.453019617604696e-09
      ],
      [
        -0.23255687952041626,
        0.08715573698282242,
        -0.9686697721481323,
        4.9456329345703125
      ],
      [
        -5.960464477539063e-08,
        -7.675805546725201e-10,
        1.1822644196968213e-08,
        1.0
      ]
    ],
    [
      [
        -0.9876883625984192,
        -5.953373349854019e-10,
        0.15643446147441864,
        -9.597677319561626e-08
      ],
      [
        0.013634161092340946,
        0.9961946606636047,
        0.08608270436525345,
        -5.960464477539063e-08
      ],
      [
        -0.15583917498588562,
        0.08715573698282242,
        -0.9839298129081726,
        4.945633411407471
      ],
      [
        -1.57397650468738e-10,
        -2.0365709119118947e-10,
        6.658257944991419e-09,
        1.0
      ]
    ],
    [
      [
        -0.9969173073768616,
        6.982188160975511e-10,
        0.07845908403396606,
        2.153046807507053e-08
      ],
      [
        0.00683816010132432,
        0.9961946606636047,
        0.08688706904649734,
        -2.9802322387695312e-08
      ],
      [
        -0.07816052436828613,
        0.08715573698282242,
        -0.9931237101554871,
        4.9456329345703125
      ],
      [
        -1.5199219660644303e-10,
        5.311411310771064e-10,
        -6.503457328221884e-09,
        1.0
      ]
    ],
    [
      [
        -1.0,
        -1.33969387912903e-25,
        1.2246468525851679e-16,
        -2.143944711193044e-23
      ],
      [
        1.0673501045840229e-17,
        0.9961946606636047,
        0.08715574443340302,
        -5.559246574193821e-08
      ],
      [
        -1.219986583188493e-16,
        0.08715573698282242,
        -0.99619460105896,
        4.9456329345703125
      ],
      [
        1.4261094497762395e-24,
        -7.675805546725201e-10,
        9.902453967924885e-09,
        0.9999999403953552
      ]
    ],
    [
      [
        -0.9969173073768616,
        -6.982188160975511e-10,
        -0.07845908403396606,
        -2.153046807507053e-08
      ],
      [
        -0.00683816010132432,
        0.9961946606636047,
        0.08688706904649734,
        -2.9802322387695312e-08
      ],
      [
        0.07816052436828613,
        0.08715573698282242,
        -0.9931237101554871,
        4.9456329345703125
      ],
      [
        1.5199219660644303e-10,
        5.311411310771064e-10,
        -6.503457328221884e-09,
        1.0
      ]
    ],
    [
      [
        -0.9876883625984192,
        5.953373349854019e-10,
        -0.15643446147441864,
        9.597677319561626e-08
      ],
      [
        -0.013634161092340946,
        0.9961946606636047,
        0.08608270436525345,
        -5.960464477539063e-08
      ],
      [
        0.15583917498588562,
        0.08715573698282242,
        -0.9839298129081726,
        4.945633411407471
      ],
      [
        1.57397650468738e-10,
        -2.0365709119118947e-10,
        6.658257944991419e-09,
        1.0
      ]
    ],
    [
      [
        -0.9723699688911438,
        -3.228933509458187e-10,
        -0.23344539105892181,
        -3.764440137388192e-08
      ],
      [
        -0.020346105098724365,
        0.9961947202682495,
        0.08474763482809067,
        -8.453019617604696e-09
      ],
      [
        0.23255687952041626,
        0.08715573698282242,
        -0.9686697721481323,
        4.9456329345703125
      ],
      [
        5.960464477539063e-08,
        -7.675805546725201e-10,
        1.1822644196968213e-08,
        1.0
      ]
    ],
    [
      [
        -0.9510564804077148,
        -1.6502230693049569e-09,
        -0.3090169429779053,
        -9.115175458873637e-08
      ],
      [
        -0.026932597160339355,
        0.9961947202682495,
        0.08289002627134323,
        -2.9313646621176304e-08
      ],
      [
        0.3078410029411316,
        0.08715573698282242,
        -0.9474374055862427,
        4.9456329345703125
      ],
      [
        -5.960464477539063e-08,
        -2.0663022404221465e-09,
        -8.14527112424912e-09,
        0.9999999403953552
      ]
    ],
    [
      [
        -0.9238796234130859,
        -3.5242067042418057e-09,
        -0.3826834559440613,
        -3.7984822398584583e-08
      ],
      [
        -0.0333530455827713,
        0.9961947202682495,
        0.08052141964435577,
        -1.4126574576778239e-08
      ],
      [
        0.3812269866466522,
        0.08715573698282242,
        -0.9203639030456543,
        4.9456329345703125
      ],
      [
        0.0,
        -7.675805546725201e-10,
        6.61933796664016e-09,
        1.0
      ]
    ],
    [
      [
        -0.8910065293312073,
        -2.4907229612125548e-09,
        -0.45399051904678345,
        -2.2859252268858654e-08
      ],
      [
        -0.03956787288188934,
        0.9961947202682495,
        0.0776563435792923,
        -1.820892059356538e-08
      ],
      [
        0.45226287841796875,
        0.08715574443340302,
        -0.887615978717804,
        4.9456329345703125
      ],
      [
        0.0,
        -1.1237288877197216e-09,
        6.117118367399144e-09,
        0.9999999403953552
      ]
    ],
    [
      [
        -0.8526401519775391,
        2.4276094467978737e-09,
        -0.5224985480308533,
        5.1093255848400077e-08
      ],
      [
        -0.045538753271102905,
        0.9961947202682495,
        0.0743124783039093,
        2.259118669911686e-09
      ],
      [
        0.5205102562904358,
        0.08715573698282242,
        -0.8493955731391907,
        4.9456329345703125
      ],
      [
        0.0,
        -1.3315040181538507e-09,
        -9.532540090617658e-09,
        1.0
      ]
    ],
    [
      [
        -0.80901700258255,
        -2.3790360792474985e-09,
        -0.5877852439880371,
        1.7690307174689224e-07
      ],
      [
        -0.05122885853052139,
        0.9961947202682495,
        0.07051046937704086,
        -1.1695350465856791e-08
      ],
      [
        0.5855485796928406,
        0.08715573698282242,
        -0.8059383630752563,
        4.9456329345703125
      ],
      [
        0.0,
        -1.3315040181538507e-09,
        9.3925578426024e-10,
        1.0
      ]
    ],
    [
      [
        -0.760405957698822,
        2.6718758316945923e-09,
        -0.649448037147522,
        1.948630234949178e-08
      ],
      [
        -0.05660312622785568,
        0.9961947202682495,
        0.0662737488746643,
        -2.410756216875143e-08
      ],
      [
        0.6469766497612,
        0.08715573698282242,
        -0.7575123906135559,
        4.9456329345703125
      ],
      [
        0.0,
        -7.675805546725201e-10,
        -1.1319863268965946e-08,
        0.9999999403953552
      ]
    ],
    [
      [
        -0.7071067690849304,
        2.4780924534617554e-10,
        -0.7071067690849304,
        -4.107003093167805e-08
      ],
      [
        -0.061628423631191254,
        0.9961947202682495,
        0.06162841618061066,
        -1.8539569879294504e-08
      ],
      [
        0.7044159770011902,
        0.08715573698282242,
        -0.7044159770011902,
        4.9456329345703125
      ],
      [
        0.0,
        -7.675805546725201e-10,
        4.592629387900615e-09,
        0.9999999403953552
      ]
    ],
    [
      [
        -0.6494480967521667,
        -2.987220470984653e-09,
        -0.7604060173034668,
        -2.1483960210844089e-07
      ],
      [
        -0.0662737488746643,
        0.9961947202682495,
        0.05660313740372658,
        -3.77717519484122e-08
      ],
      [
        0.7575123310089111,
        0.08715573698282242,
        -0.6469766497612,
        4.9456329345703125
      ],
      [
        0.0,
        -2.0663022404221465e-09,
        2.078367700164563e-08,
        0.9999999403953552
      ]
    ],
    [
      [
        -0.5877851843833923,
        8.612747182112912e-10,
        -0.80901700258255,
        -9.052759253336262e-08
      ],
      [
        -0.07051048427820206,
        0.9961947202682495,
        0.05122886225581169,
        -1.6386637824439276e-08
      ],
      [
        0.8059384822845459,
        0.08715573698282242,
        -0.5855485200881958,
        4.9456329345703125
      ],
      [
        0.0,
        -7.675805546725201e-10,
        1.794457915593739e-10,
        0.9999999403953552
      ]
    ],
    [
      [
        -0.522498607635498,
        1.9774197834721008e-09,
        -0.8526402115821838,
        -3.4515920788180665e-08
      ],
      [
        -0.0743124857544899,
        0.9961947202682495,
        0.04553874954581261,
        1.1369333918764823e-08
      ],
      [
        0.8493955731391907,
        0.08715573698282242,
        -0.5205103158950806,
        4.9456329345703125
      ],
      [
        0.0,
        5.311411310771064e-10,
        -7.430625004190006e-09,
        1.0
      ]
    ],
    [
      [
        -0.45399051904678345,
        -2.3972712703823618e-09,
        -0.8910065293312073,
        -5.0864581879750403e-08
      ],
      [
        -0.0776563361287117,
        0.9961947202682495,
        0.03956788033246994,
        -1.986026099132232e-08
      ],
      [
        0.887615978717804,
        0.08715574443340302,
        -0.45226290822029114,
        4.9456329345703125
      ],
      [
        0.0,
        -1.1237288877197216e-09,
        3.442421014909769e-09,
        0.9999999403953552
      ]
    ],
    [
      [
        -0.3826833963394165,
        3.3446054814589843e-09,
        -0.9238795042037964,
        8.871073475802405e-08
      ],
      [
        -0.08052141219377518,
        0.9961947202682495,
        0.033353060483932495,
        -2.532161325063953e-08
      ],
      [
        0.9203638434410095,
        0.08715573698282242,
        -0.38122716546058655,
        4.9456329345703125
      ],
      [
        -1.4901161193847656e-08,
        -7.675805546725201e-10,
        3.618804367278017e-09,
        0.9999999403953552
      ]
    ],
    [
      [
        -0.30901697278022766,
        1.424550144513148e-09,
        -0.9510564804077148,
        4.868860159490396e-08
      ],
      [
        -0.08289003372192383,
        0.9961947202682495,
        0.026932604610919952,
        -2.3497852552623044e-08
      ],
      [
        0.9474373459815979,
        0.08715573698282242,
        -0.307841032743454,
        4.9456329345703125
      ],
      [
        0.0,
        -7.675805546725201e-10,
        1.0298142782971809e-08,
        0.9999999403953552
      ]
    ],
    [
      [
        -0.23344536125659943,
        7.38983596537679e-10,
        -0.972369909286499,
        1.124788173711977e-08
      ],
      [
        -0.08474762737751007,
        0.9961947202682495,
        0.020346105098724365,
        -2.2354411655101103e-08
      ],
      [
        0.9686697125434875,
        0.08715573698282242,
        -0.2325569987297058,
        4.9456329345703125
      ],
      [
        0.0,
        -7.675805546725201e-10,
        5.419075854717903e-09,
        0.9999999403953552
      ]
    ],
    [
      [
        -0.15643446147441864,
        -3.0218445801200033e-11,
        -0.9876883625984192,
        -1.7005192809449454e-09
      ],
      [
        -0.08608271181583405,
        0.9961947202682495,
        0.013634161092340946,
        -2.209558402910261e-08
      ],
      [
        0.9839297533035278,
        0.08715573698282242,
        -0.15583917498588562,
        4.9456329345703125
      ],
      [
        -1.4901161193847656e-08,
        -7.675805546725201e-10,
        1.2457079812122629e-09,
        0.9999999403953552
      ]
    ],
    [
      [
        -0.07845910638570786,
        1.0825920021551028e-10,
        -0.9969173669815063,
        -7.026763615414211e-09
      ],
      [
        -0.08688707649707794,
        0.9961947202682495,
        0.006838161498308182,
        -2.2070860694611838e-08
      ],
      [
        0.9931237101554871,
        0.08715573698282242,
        -0.07816053181886673,
        4.9456329345703125
      ],
      [
        -1.4901161193847656e-08,
        -7.675805546725201e-10,
        1.3688387090482479e-09,
        0.9999999403953552
      ]
    ],
    [
      [
        -1.8369701465288538e-16,
        -5.449850987138083e-25,
        -1.0,
        -3.915082278276414e-23
      ],
      [
        -0.08715574443340302,
        0.9961947202682495,
        1.601024950080881e-17,
        -2.2119058584735285e-08
      ],
      [
        0.99619460105896,
        0.08715573698282242,
        -1.8299797424338416e-16,
        4.9456329345703125
      ],
      [
        -1.4901161193847656e-08,
        -7.675805546725201e-10,
        2.3336982599679923e-24,
        0.9999999403953552
      ]
    ],
    [
      [
        0.07845910638570786,
        -1.0825920021551028e-10,
        -0.9969173669815063,
        7.026763615414211e-09
      ],
      [
        -0.08688707649707794,
        0.9961947202682495,
        -0.006838161498308182,
        -2.2070860694611838e-08
      ],
      [
        0.9931237101554871,
        0.08715573698282242,
        0.07816053181886673,
        4.9456329345703125
      ],
      [
        -1.4901161193847656e-08,
        -7.675805546725201e-10,
        -1.3688387090482479e-09,
        0.9999999403953552
      ]
    ],
    [
      [
        0.15643446147441864,
        3.0218445801200033e-11,
        -0.9876883625984192,
        1.7005192809449454e-09
      ],
      [
        -0.08608271181583405,
        0.9961947202682495,
        -0.013634161092340946,
        -2.209558402910261e-08
      ],
      [
        0.9839297533035278,
        0.08715573698282242,
        0.15583917498588562,
        4.9456329345703125
      ],
      [
        -1.4901161193847656e-08,
        -7.675805546725201e-10,
        -1.2457079812122629e-09,
        0.9999999403953552
      ]
    ],
    [
      [
        0.23344536125659943,
        -7.38983596537679e-10,
        -0.972369909286499,
        -1.124788173711977e-08
      ],
      [
        -0.08474762737751007,
        0.9961947202682495,
        -0.020346105098724365,
        -2.2354411655101103e-08
      ],
      [
        0.9686697125434875,
        0.08715573698282242,
        0.2325569987297058,
        4.9456329345703125
      ],
      [
        0.0,
        -7.675805546725201e-10,
        -5.419075854717903e-09,
        0.9999999403953552
      ]
    ],
    [
      [
        0.30901697278022766,
        -1.424550144513148e-09,
        -0.9510564804077148,
        -4.868860159490396e-08
      ],
      [
        -0.08289003372192383,
        0.9961947202682495,
        -0.026932604610919952,
        -2.3497852552623044e-08
      ],
      [
        0.9474373459815979,
        0.08715573698282242,
        0.307841032743454,
        4.9456329345703125
      ],
      [
        0.0,
        -7.675805546725201e-10,
        -1.0298142782971809e-08,
        0.9999999403953552
      ]
    ],
    [
      [
        0.3826833963394165,
        -3.3446054814589843e-09,
        -0.9238795042037964,
        -8.871073475802405e-08
      ],
      [
        -0.08052141219377518,
        0.9961947202682495,
        -0.033353060483932495,
        -2.532161325063953e-08
      ],
      [
        0.9203638434410095,
        0.08715573698282242,
        0.38122716546058655,
        4.9456329345703125
      ],
      [
        -1.4901161193847656e-08,
        -7.675805546725201e-10,
        -3.618804367278017e-09,
        0.9999999403953552
      ]
    ],
    [
      [
        0.45399051904678345,
        2.3972712703823618e-09,
        -0.8910065293312073,
        5.0864581879750403e-08
      ],
      [
        -0.0776563361287117,
        0.9961947202682495,
        -0.03956788033246994,
        -1.986026099132232e-08
      ],
      [
        0.887615978717804,
        0.08715574443340302,
        0.45226290822029114,
        4.9456329345703125
      ],
      [
        0.0,
        -1.1237288877197216e-09,
        -3.442421014909769e-09,
        0.9999999403953552
      ]
    ],
    [
      [
        0.522498607635498,
        -1.9774197834721008e-09,
        -0.8526402115821838,
        3.4515920788180665e-08
      ],
      [
        -0.0743124857544899,
        0.9961947202682495,
        -0.04553874954581261,
        1.1369333918764823e-08
      ],
      [
        0.8493955731391907,
        0.08715573698282242,
        0.5205103158950806,
        4.9456329345703125
      ],
      [
        0.0,
        5.311411310771064e-10,
        7.430625004190006e-09,
        1.0
      ]
    ],
    [
      [
        0.5877851843833923,
        -8.612747182112912e-10,
        -0.80901700258255,
        9.052759253336262e-08
      ],
      [
        -0.07051048427820206,
        0.9961947202682495,
        -0.05122886225581169,
        -1.6386637824439276e-08
      ],
      [
        0.8059384822845459,
        0.08715573698282242,
        0.5855485200881958,
        4.9456329345703125
      ],
      [
        0.0,
        -7.675805546725201e-10,
        -1.794457915593739e-10,
        0.9999999403953552
      ]
    ],
    [
      [
        0.6494480967521667,
        2.987220470984653e-09,
        -0.7604060173034668,
        2.1483960210844089e-07
      ],
      [
        -0.0662737488746643,
        0.9961947202682495,
        -0.05660313740372658,
        -3.77717519484122e-08
      ],
      [
        0.7575123310089111,
        0.08715573698282242,
        0.6469766497612,
        4.9456329345703125
      ],
      [
        0.0,
        -2.0663022404221465e-09,
        -2.078367700164563e-08,
        0.9999999403953552
      ]
    ],
    [
      [
        0.7071067690849304,
        -2.4780924534617554e-10,
        -0.7071067690849304,
        4.107003093167805e-08
      ],
      [
        -0.061628423631191254,
        0.9961947202682495,
        -0.06162841618061066,
        -1.8539569879294504e-08
      ],
      [
        0.7044159770011902,
        0.08715573698282242,
        0.7044159770011902,
        4.9456329345703125
      ],
      [
        0.0,
        -7.675805546725201e-10,
        -4.592629387900615e-09,
        0.9999999403953552
      ]
    ],
    [
      [
        0.760405957698822,
        -2.6718758316945923e-09,
        -0.649448037147522,
        -1.948630234949178e-08
      ],
      [
        -0.05660312622785568,
        0.9961947202682495,
        -0.0662737488746643,
        -2.410756216875143e-08
      ],
      [
        0.6469766497612,
        0.08715573698282242,
        0.7575123906135559,
        4.9456329345703125
      ],
      [
        0.0,
        -7.675805546725201e-10,
        1.1319863268965946e-08,
        0.9999999403953552
      ]
    ],
    [
      [
        0.80901700258255,
        2.3790360792474985e-09,
        -0.5877852439880371,
        -1.7690307174689224e-07
      ],
      [
        -0.05122885853052139,
        0.9961947202682495,
        -0.07051046937704086,
        -1.1695350465856791e-08
      ],
      [
        0.5855485796928406,
        0.08715573698282242,
        0.8059383630752563,
        4.9456329345703125
      ],
      [
        0.0,
        -1.3315040181538507e-09,
        -9.3925578426024e-10,
        1.0
      ]
    ],
    [
      [
        0.8526401519775391,
        -2.4276094467978737e-09,
        -0.5224985480308533,
        -5.1093255848400077e-08
      ],
      [
        -0.045538753271102905,
        0.9961947202682495,
        -0.0743124783039093,
        2.259118669911686e-09
      ],
      [
        0.5205102562904358,
        0.08715573698282242,
        0.8493955731391907,
        4.9456329345703125
      ],
      [
        0.0,
        -1.3315040181538507e-09,
        9.532540090617658e-09,
        1.0
      ]
    ],
    [
      [
        0.8910065293312073,
        2.4907229612125548e-09,
        -0.45399051904678345,
        2.2859252268858654e-08
      ],
      [
