{
  "intrinsic": [
    [
      819.8866577148438,
      0.0,
      301.0
    ],
    [
      0.0,
      739.1055908203125,
      301.0
    ],
    [
      0.0,
      0.0,
      1.0
    ]
  ],
  "extrinsic": [
    [
      [
        1.0,
        0.0,
        0.0,
        0.0
      ],
      [
        0.0,
        0.9961946606636047,
        -0.08715574443340302,
        -2.1322144050373026e-09
      ],
      [
        0.0,
        0.08715574443340302,
        0.9961947202682495,
        0.940385103225708
      ],
      [
        0.0,
        0.0,
        0.0,
        1.0
      ]
    ],
    [
      [
        0.9999143481254578,
        2.05421873955558e-10,
        0.01308959536254406,
        0.0
      ],
      [
        0.0011834998149424791,
        0.9959041476249695,
        -0.09040755778551102,
        6.081433134852432e-09
      ],
      [
        -0.013035982847213745,
        0.09041531383991241,
        0.9958187937736511,
        0.9374464154243469
      ],
      [
        0.0,
        0.0,
        0.0,
        1.0
      ]
    ],
    [
      [
        0.9996572732925415,
        -8.25408352778112e-11,
        0.026176944375038147,
        -1.862645149230957e-09
      ],
      [
        0.002452096901834011,
        0.9956029057502747,
        -0.09364180266857147,
        5.869006614034333e-09
      ],
      [
        -0.02606184221804142,
        0.09367389976978302,
        0.9952616691589355,
        0.9345076084136963
      ],
      [
        0.0,
        0.0,
        0.0,
        1.0
      ]
    ],
    [
      [
        0.9992290139198303,
        4.6044384971466457e-10,
        0.03925982117652893,
        7.450580596923828e-09
      ],
      [
        0.0038055130280554295,
        0.995290994644165,
        -0.09685676544904709,
        -7.365869691966509e-09
      ],
      [
        -0.03907494619488716,
        0.09693150222301483,
        0.9945237636566162,
        0.9315690994262695
      ],
      [
        0.0,
        0.0,
        0.0,
        1.0
      ]
    ],
    [
      [
        0.9986295104026794,
        -1.2471632060417903e-10,
        0.0523359589278698,
        -3.725290298461914e-09
      ],
      [
        0.005243437830358744,
        0.9949684739112854,
        -0.10005075484514236,
        4.449328905309358e-09
      ],
      [
        -0.05207262933254242,
        0.10018806159496307,
        0.9936049580574036,
        0.9286302924156189
      ],
      [
        0.0,
        0.0,
        0.0,
        1.0
      ]
    ],
    [
      [
        0.9978588819503784,
        2.9020186254058444e-10,
        0.06540311872959137,
        -3.725290298461914e-09
      ],
      [
        0.0067655304446816444,
        0.9946353435516357,
        -0.10322205722332001,
        6.622040693571307e-09
      ],
      [
        -0.06505224853754044,
        0.10344354808330536,
        0.9925056099891663,
        0.9256914854049683
      ],
      [
        0.0,
        0.0,
        0.0,
        1.0
      ]
    ],
    [
      [
        0.9969173073768616,
        -3.646218882380481e-10,
        0.07845909893512726,
        0.0
      ],
      [
        0.008371422067284584,
        0.9942914247512817,
        -0.1063690036535263,
        3.2388385307058343e-09
      ],
      [
        -0.07801120728254318,
        0.10669790953397751,
        0.9912263751029968,
        0.922752857208252
      ],
      [
        0.0,
        0.0,
        0.0,
        1.0
      ]
    ],
    [
      [
        0.9958049058914185,
        -3.844422002963199e-10,
        0.0915016233921051,
        -7.450580596923828e-09
      ],
      [
        0.010060708038508892,
        0.9939369559288025,
        -0.10948990285396576,
        7.403637702907417e-09
      ],
      [
        -0.09094683825969696,
        0.10995114594697952,
        0.9897673726081848,
        0.9198140501976013
      ],
      [
        0.0,
        0.0,
        0.0,
        1.0
      ]
    ],
    [
      [
        0.9945219159126282,
        -3.11363934635267e-10,
        0.10452847182750702,
        -7.450580596923828e-09
      ],
      [
        0.01183295901864767,
        0.9935718774795532,
        -0.11258307844400406,
        -7.341973251584477e-09
      ],
      [
        -0.10385654121637344,
        0.11320322006940842,
        0.9881289601325989,
        0.9168754816055298
      ],
      [
        0.0,
        0.0,
        0.0,
        1.0
      ]
    ],
    [
      [
        0.9930684566497803,
        6.037481625753571e-10,
        0.11753740906715393,
        1.4901161193847656e-08
      ],
      [
        0.013687707483768463,
        0.9931960105895996,
        -0.1156468540430069,
        -1.2522878733989273e-08
      ],
      [
        -0.11673768609762192,
        0.11645405739545822,
        0.9863117337226868,
        0.9139368534088135
      ],
      [
        0.0,
        0.0,
        0.0,
        1.0
      ]
    ],
    [
      [
        0.9914448857307434,
        1.6327186269649019e-09,
        0.13052619993686676,
        1.4901161193847656e-08
      ],
      [
        0.015624463558197021,
        0.9928097128868103,
        -0.11867958307266235,
        -6.653271711343223e-09
      ],
      [
        -0.12958766520023346,
        0.11970366537570953,
        0.9843160510063171,
        0.9109981060028076
      ],
      [
        0.0,
        0.0,
        0.0,
        1.0
      ]
    ],
    [
      [
        0.9896513819694519,
        -3.145073090848882e-11,
        0.14349262416362762,
        1.4901161193847656e-08
      ],
      [
        0.017642701044678688,
        0.9924126267433167,
        -0.12167958915233612,
        3.540048254535577e-10
      ],
      [
        -0.14240388572216034,
        0.12295196950435638,
        0.9821425080299377,
        0.9080593585968018
      ],
      [
        0.0,
        0.0,
        0.0,
        1.0
      ]
    ],
    [
      [
        0.9876883625984192,
        -1.7614005809463151e-09,
        0.15643444657325745,
        -2.9802322387695312e-08
      ],
      [
        0.01974186860024929,
        0.9920049905776978,
        -0.12464524805545807,
        1.9100445669550936e-08
      ],
      [
        -0.15518376231193542,
        0.12619897723197937,
        0.9797917008399963,
        0.9051205515861511
      ],
      [
        0.0,
        0.0,
        0.0,
        1.0
      ]
    ],
    [
      [
        0.9855560064315796,
        1.3913733498682745e-09,
        0.16934949159622192,
        0.0
      ],
      [
        0.02192138135433197,
        0.9915866255760193,
        -0.12757492065429688,
        4.028074762629785e-09
      ],
      [
        -0.167924702167511,
        0.12944461405277252,
        0.9772641658782959,
        0.9021819233894348
      ],
      [
        0.0,
        0.0,
        0.0,
        1.0
      ]
    ],
    [
      [
        0.9832549095153809,
        4.442493040102136e-09,
        0.18223552405834198,
        1.4901161193847656e-08
      ],
      [
        0.02418062463402748,
        0.9911577105522156,
        -0.1304669827222824,
        -4.98443686325345e-09
      ],
      [
        -0.1806241273880005,
        0.13268887996673584,
        0.9745606780052185,
        0.8992432951927185
      ],
      [
        0.0,
        0.0,
        0.0,
        1.0
      ]
    ],
    [
      [
        0.9807853102684021,
        2.599916282264303e-09,
        0.1950903683900833,
        1.4901161193847656e-08
      ],
      [
        0.026518965139985085,
        0.9907181262969971,
        -0.13331982493400574,
        -6.4676068944891085e-09
      ],
      [
        -0.19327957928180695,
        0.13593171536922455,
        0.9716819524765015,
        0.8963046669960022
      ],
      [
        0.0,
        0.0,
        0.0,
        1.0
      ]
    ],
    [
      [
        0.978147566318512,
        1.6426453530726803e-09,
        0.2079116702079773,
        0.0
      ],
      [
        0.028935711830854416,
        0.9902681112289429,
        -0.13613183796405792,
        1.9260355088590586e-08
      ],
      [
        -0.2058882862329483,
        0.13917310535907745,
        0.9686283469200134,
        0.8933658003807068
      ],
      [
        0.0,
        0.0,
        0.0,
        1.0
      ]
    ],
    [
      [
        0.975342333316803,
        -3.4413147886880324e-09,
        0.22069743275642395,
        0.0
      ],
      [
        0.03143017739057541,
        0.9898072481155396,
        -0.13890139758586884,
        1.1421398937727645e-08
      ],
      [
        -0.21844793856143951,
        0.1424129754304886,
        0.9654009342193604,
        0.8904271125793457
      ],
      [
        0.0,
        0.0,
        0.0,
        1.0
      ]
    ],
    [
      [
        0.972369909286499,
        -1.227246748669586e-09,
        0.23344537615776062,
        0.0
      ],
      [
        0.034001633524894714,
        0.9893358945846558,
        -0.1416269987821579,
        -6.3681397932668915e-09
      ],
      [
        -0.23095589876174927,
        0.14565135538578033,
        0.9620005488395691,
        0.8874884843826294
      ],
      [
        0.0,
        0.0,
        0.0,
        1.0
      ]
    ],
    [
      [
        0.9692309498786926,
        -1.338650079674153e-09,
        0.2461533099412918,
        -1.4901161193847656e-08
      ],
      [
        0.03664931282401085,
        0.9888540506362915,
        -0.14430701732635498,
        2.9428735004444206e-09
      ],
      [
        -0.243409663438797,
        0.14888817071914673,
        0.9584278464317322,
        0.8845496773719788
      ],
      [
        0.0,
        0.0,
        0.0,
        1.0
      ]
    ],
    [
      [
        0.9659258127212524,
        -2.823851374955666e-09,
        0.25881901383399963,
        -1.4901161193847656e-08
      ],
      [
        0.03937242180109024,
        0.9883614778518677,
        -0.14693988859653473,
        1.0083949675276926e-08
      ],
      [
        -0.25580674409866333,
        0.152123361825943,
        0.954683780670166,
        0.8816109299659729
      ],
      [
        0.0,
        0.0,
        0.0,
        1.0
      ]
    ],
    [
      [
        0.9624552130699158,
        -4.192557412352471e-10,
        0.27144041657447815,
        2.9802322387695312e-08
      ],
      [
        0.04217015951871872,
        0.9878584146499634,
        -0.14952413737773895,
        -7.4373787128934055e-09
      ],
      [
        -0.2681446969509125,
        0.1553569734096527,
        0.9507694840431213,
        0.8786723613739014
      ],
      [
        0.0,
        0.0,
        0.0,
        1.0
      ]
    ],
    [
      [
        0.9588196873664856,
        1.6036072469916007e-09,
        0.28401532769203186,
        0.0
      ],
      [
        0.04504167288541794,
        0.9873446822166443,
        -0.15205813944339752,
        1.3447841951119699e-08
      ],
      [
        -0.28042101860046387,
        0.15858888626098633,
        0.9466855525970459,
        0.8757336139678955
      ],
      [
        0.0,
        0.0,
        0.0,
        1.0
      ]
    ],
    [
      [
        0.9550198912620544,
        -2.504370932854272e-09,
        0.2965415418148041,
        0.0
      ],
      [
        0.04798608273267746,
        0.9868203401565552,
        -0.15454044938087463,
        1.243172320641861e-08
      ],
      [
        -0.2926332354545593,
        0.16181908547878265,
        0.9424330592155457,
        0.8727948665618896
      ],
      [
        0.0,
        0.0,
        0.0,
        1.0
      ]
    ],
    [
      [
        0.9510564804077148,
        -2.275021504516417e-09,
        0.30901700258255005,
        2.9802322387695312e-08
      ],
      [
        0.051002513617277145,
        0.9862855672836304,
        -0.1569696068763733,
        -5.552167614553127e-09
      ],
      [
        -0.3047789931297302,
        0.16504758596420288,
        0.9380133152008057,
        0.8698561787605286
      ],
      [
        0.0,
        0.0,
        0.0,
        1.0
      ]
    ],
    [
      [
        0.9469301104545593,
        6.413349851186467e-09,
        0.3214394748210907,
        0.0
      ],
      [
        0.05409001186490059,
        0.9857401847839355,
        -0.15934403240680695,
        -7.067800567028826e-09
      ],
      [
        -0.3168558180332184,
        0.16827434301376343,
        0.9334271550178528,
        0.8669175505638123
      ],
      [
        0.0,
        0.0,
        0.0,
        1.0
      ]
    ],
    [
      [
        0.9426414966583252,
        -4.1387400173675815e-09,
        0.3338068723678589,
        0.0
      ],
      [
        0.05724763125181198,
        0.9851843118667603,
        -0.16166231036186218,
        -5.696554339351678e-10
      ],
      [
        -0.328861266374588,
        0.17149925231933594,
        0.9286755323410034,
        0.8639788031578064
      ],
      [
        0.0,
        0.0,
        0.0,
        1.0
      ]
    ],
    [
      [
        0.9381913542747498,
        -4.439787204546519e-09,
        0.3461170196533203,
        -2.9802322387695312e-08
      ],
      [
        0.06047436594963074,
        0.9846177101135254,
        -0.16392295062541962,
        2.9432687398411872e-08
      ],
      [
        -0.3407929539680481,
        0.17472229897975922,
        0.9237597584724426,
        0.8610400557518005
      ],
      [
        0.0,
        0.0,
        0.0,
        1.0
      ]
    ],
    [
      [
        0.9335805177688599,
        -8.024231945569227e-09,
        0.358367919921875,
        -2.9802322387695312e-08
      ],
      [
        0.06376925110816956,
        0.9840406179428101,
        -0.16612456738948822,
        2.24973035756193e-08
      ],
      [
        -0.35264861583709717,
        0.17794351279735565,
        0.9186810255050659,
        0.8581013679504395
      ],
      [
        0.0,
        0.0,
        0.0,
        1.0
      ]
    ],
    [
      [
        0.9288095831871033,
        5.741277675497258e-09,
        0.3705574870109558,
        0.0
      ],
      [
        0.06713124364614487,
        0.9834531545639038,
        -0.16826578974723816,
        -1.7157752552066086e-08
      ],
      [
        -0.3644258677959442,
        0.18116286396980286,
        0.9134406447410583,
        0.8551627993583679
      ],
      [
        0.0,
        0.0,
        0.0,
        1.0
      ]
    ],
    [
      [
        0.9238795042037964,
        7.475562391334734e-09,
        0.3826834559440613,
        -2.9802322387695312e-08
      ],
      [
        0.07055926322937012,
        0.9828550219535828,
        -0.17034514248371124,
        -9.177899329415595e-09
      ],
      [
        -0.3761223256587982,
        0.18438023328781128,
        0.9080396294593811,
        0.8522239923477173
      ],
      [
        0.0,
        0.0,
        0.0,
        1.0
      ]
    ],
    [
      [
        0.9187911748886108,
        -6.923270845504703e-09,
        0.39474382996559143,
        -2.9802322387695312e-08
      ],
      [
        0.07405222207307816,
        0.9822463393211365,
        -0.17236119508743286,
        -1.227501478240356e-08
      ],
      [
        -0.3877357244491577,
        0.18759559094905853,
        0.9024792909622192,
        0.8492852449417114
      ],
      [
        0.0,
        0.0,
        0.0,
        1.0
      ]
    ],
    [
      [
        0.9135454893112183,
        -5.179598083770998e-09,
        0.40673667192459106,
        -2.9802322387695312e-08
      ],
      [
        0.07760901004076004,
        0.9816271662712097,
        -0.17431268095970154,
        1.3883305172157634e-08
      ],
      [
        -0.39926373958587646,
        0.1908089965581894,
        0.8967610001564026,
        0.8463464975357056
      ],
      [
        0.0,
        0.0,
        0.0,
        1.0
      ]
    ],
    [
      [
        0.9081432223320007,
        -3.876707843630811e-10,
        0.4186597168445587,
        -2.9802322387695312e-08
      ],
      [
        0.08122850209474564,
        0.9809975028038025,
        -0.17619822919368744,
        -1.090279688753526e-08
      ],
      [
        -0.4107041656970978,
        0.1940203160047531,
        0.890886127948761,
        0.843407928943634
      ],
      [
        0.0,
        0.0,
        0.0,
        1.0
      ]
    ],
    [
      [
        0.9025852680206299,
        6.538374286435555e-09,
        0.43051111698150635,
        2.9802322387695312e-08
      ],
      [
        0.08490953594446182,
        0.98035728931427,
        -0.1780165582895279,
        -1.675392624633787e-08
      ],
      [
        -0.4220547080039978,
        0.19722960889339447,
        0.8848561644554138,
        0.8404691815376282
      ],
      [
        0.0,
        0.0,
        0.0,
        1.0
      ]
    ],
    [
      [
        0.8968726992607117,
        -4.122007624118851e-09,
        0.4422886371612549,
        0.0
      ],
      [
        0.0886509045958519,
        0.9797066450119019,
        -0.17976625263690948,
        -9.052504523765492e-09
      ],
      [
        -0.43331313133239746,
        0.20043674111366272,
        0.8786721229553223,
        0.8375304937362671
      ],
      [
        0.0,
        0.0,
        0.0,
        1.0
      ]
    ],
    [
      [
        0.891006588935852,
        -1.793925008541919e-09,
        0.45399048924446106,
        2.9802322387695312e-08
      ],
      [
        0.09245140850543976,
        0.9790453910827637,
        -0.1814461201429367,
        3.5523362029721284e-09
      ],
      [
        -0.4444773197174072,
        0.20364172756671906,
        0.8723359107971191,
        0.834591805934906
      ],
      [
        0.0,
        0.0,
        0.0,
        1.0
      ]
    ],
    [
      [
        0.8849875926971436,
        5.739781983038483e-09,
        0.46561452746391296,
        2.9802322387695312e-08
      ],
      [
        0.0963098406791687,
        0.9783738851547241,
        -0.18305489420890808,
        -5.492751142810448e-09
      ],
      [
        -0.455545037984848,
        0.20684458315372467,
        0.8658487200737,
        0.8316530585289001
      ],
      [
        0.0,
        0.0,
        0.0,
        1.0
      ]
    ],
    [
      [
        0.8788172006607056,
        -1.184246833929592e-08,
        0.47715872526168823,
        -5.960464477539063e-08
      ],
      [
        0.10022488981485367,
        0.9776915907859802,
        -0.18459127843379974,
        7.901224563511278e-09
      ],
      [
        -0.46651411056518555,
        0.21004515886306763,
        0.8592121005058289,
        0.8287143111228943
      ],
      [
        0.0,
        0.0,
        0.0,
        1.0
      ]
    ],
    [
      [
        0.8724960088729858,
        9.772202602675861e-09,
        0.48862123489379883,
        5.960464477539063e-08
      ],
      [
        0.10419532656669617,
        0.976999044418335,
        -0.18605414032936096,
        -4.34805702553831e-09
      ],
      [
        -0.47738248109817505,
        0.2132435441017151,
        0.8524277806282043,
        0.825775682926178
      ],
      [
        0.0,
        0.0,
        0.0,
        1.0
      ]
    ],
    [
      [
        0.8660253882408142,
        -4.274046006003118e-09,
        0.5,
        0.0
      ],
      [
        0.10821980237960815,
        0.9762959480285645,
        -0.18744219839572906,
        -3.035541595863833e-08
      ],
      [
        -0.4881479740142822,
        0.21643958985805511,
        0.8454971313476562,
        0.8228369951248169
      ],
      [
        0.0,
        0.0,
        0.0,
        1.0
      ]
    ],
    [
      [
        0.8594064712524414,
        -7.649156863465123e-09,
        0.5112930536270142,
        -2.9802322387695312e-08
      ],
      [
        0.11229702830314636,
        0.9755825400352478,
        -0.18875430524349213,
        1.2505166679943613e-08
      ],
      [
        -0.4988085627555847,
        0.21963337063789368,
        0.8384217023849487,
        0.819898247718811
      ],
      [
        0.0,
        0.0,
        0.0,
        1.0
      ]
    ],
    [
      [
        0.8526401519775391,
        2.682192246084014e-09,
        0.5224985480308533,
        0.0
      ],
      [
        0.11642562597990036,
        0.9748584628105164,
        -0.1899893581867218,
        1.3085897698772442e-08
      ],
      [
        -0.5093621611595154,
        0.22282478213310242,
        0.8312035202980042,
        0.81695955991745
      ],
      [
        0.0,
        0.0,
        0.0,
        1.0
      ]
    ],
    [
      [
        0.8457278609275818,
        -1.5166712330483278e-10,
        0.5336145758628845,
        -5.960464477539063e-08
      ],
      [
        0.12060423940420151,
        0.9741241335868835,
        -0.1911461353302002,
        3.690062300165664e-08
      ],
      [
        -0.5198067426681519,
        0.22601376473903656,
        0.823843777179718,
        0.8140207529067993
      ],
      [
        0.0,
        0.0,
        0.0,
        1.0
      ]
    ],
    [
      [
        0.8386704921722412,
        -1.8133903267880669e-09,
        0.5446390509605408,
        5.960464477539063e-08
      ],
      [
        0.12483149766921997,
        0.9733792543411255,
        -0.19222362339496613,
        -1.7855867895377742e-09
      ],
      [
        -0.5301403999328613,
        0.22920039296150208,
        0.8163445591926575,
        0.8110821843147278
      ],
      [
        0.0,
        0.0,
        0.0,
        1.0
      ]
    ],
    [
      [
        0.8314695954322815,
        2.022838607729227e-08,
        0.5555702447891235,
        -5.960464477539063e-08
      ],
      [
        0.12910592555999756,
        0.9726239442825317,
        -0.19322067499160767,
        -4.29515978339623e-09
      ],
      [
        -0.5403609871864319,
        0.2323845475912094,
        0.8087073564529419,
        0.8081434965133667
      ],
      [
        0.0,
        0.0,
        0.0,
        1.0
      ]
    ],
    [
      [
        0.8241262435913086,
        -1.234914748238225e-08,
        0.56640625,
        0.0
      ],
      [
        0.13342615962028503,
        0.9718582630157471,
        -0.19413626194000244,
        2.094283857445589e-09
      ],
      [
        -0.5504665970802307,
        0.2355661541223526,
        0.800933837890625,
        0.8052046895027161
      ],
      [
        0.0,
        0.0,
        0.0,
        1.0
      ]
    ],
    [
      [
        0.8166414499282837,
        1.5052602719833885e-08,
        0.5771452188491821,
        0.0
      ],
      [
        0.137790709733963,
        0.9710821509361267,
        -0.1949693262577057,
        8.087713609938874e-09
      ],
      [
        -0.5604554414749146,
        0.23874531686306,
        0.7930260300636292,
        0.802266001701355
      ],
      [
        0.0,
        0.0,
        0.0,
        1.0
      ]
    ],
    [
      [
        0.8090170621871948,
        1.8541872037758367e-08,
        0.5877852439880371,
        0.0
      ],
      [
        0.1421981006860733,
        0.9702956676483154,
        -0.1957188993692398,
        9.818421631280216e-10
      ],
      [
        -0.570325493812561,
        0.24192187190055847,
        0.7849856615066528,
        0.7993273735046387
      ],
      [
        0.0,
        0.0,
        0.0,
        1.0
      ]
    ],
    [
      [
        0.8012537956237793,
        8.30340241009253e-09,
        0.5983246564865112,
        1.1920928955078125e-07
      ],
      [
        0.1466469168663025,
        0.969498872756958,
        -0.1963840276002884,
        -2.658465803051513e-08
      ],
      [
        -0.5800750851631165,
        0.24509590864181519,
        0.7768146991729736,
        0.7963887453079224
      ],
      [
        0.0,
        0.0,
        0.0,
        1.0
      ]
    ],
    [
      [
        0.7933533191680908,
        7.438567983797384e-09,
        0.6087614893913269,
        0.0
      ],
      [
        0.15113551914691925,
        0.9686915278434753,
        -0.19696363806724548,
        -1.7523976936217878e-08
      ],
      [
        -0.5897021293640137,
        0.2482672482728958,
        0.7685147523880005,
        0.7934499979019165
      ],
      [
        0.0,
        0.0,
        0.0,
        1.0
      ]
    ],
    [
      [
        0.7853169441223145,
        -1.6895045362730343e-08,
        0.6190938949584961,
        0.0
      ],
      [
        0.1556624472141266,
        0.9678739309310913,
        -0.19745686650276184,
        5.599066099648553e-09
      ],
      [
        -0.5992048382759094,
        0.25143593549728394,
        0.7600877285003662,
        0.7905112504959106
      ],
      [
        0.0,
        0.0,
        0.0,
        1.0
      ]
    ],
    [
      [
        0.7771459221839905,
        4.800945418992342e-09,
        0.6293203830718994,
        0.0
      ],
      [
        0.16022619605064392,
        0.9670459628105164,
        -0.1978628933429718,
        -6.463087842689674e-09
      ],
      [
        -0.6085817217826843,
        0.25460198521614075,
        0.7515358924865723,
        0.7875725626945496
      ],
      [
        0.0,
        0.0,
        0.0,
        1.0
      ]
    ],
    [
      [
        0.7688417434692383,
        4.124643737668521e-09,
        0.639439046382904,
        0.0
      ],
      [
        0.16482514142990112,
        0.9662075042724609,
        -0.1981806755065918,
        -9.270365808333736e-09
      ],
      [
        -0.6178308129310608,
        0.2577652037143707,
        0.7428607940673828,
        0.7846338748931885
      ],
      [
        0.0,
        0.0,
        0.0,
        1.0
      ]
    ],
    [
      [
        0.760405957698822,
        8.07730060614631e-09,
        0.649448037147522,
        0.0
      ],
      [
        0.16945771872997284,
        0.9653589129447937,
        -0.19840951263904572,
        8.260911954494077e-10
      ],
      [
        -0.6269503831863403,
        0.2609257698059082,
        0.7340646386146545,
        0.7816951274871826
      ],
      [
        0.0,
        0.0,
        0.0,
        1.0
      ]
    ],
    [
      [
        0.7518397569656372,
        4.790841501289833e-09,
        0.6593457460403442,
        -5.960464477539063e-08
      ],
      [
        0.17412233352661133,
        0.964499831199646,
        -0.19854846596717834,
        2.917154517945164e-09
      ],
      [
        -0.6359388828277588,
        0.26408347487449646,
        0.7251493334770203,
        0.7787563800811768
      ],
      [
        0.0,
        0.0,
        0.0,
        1.0
      ]
    ],
    [
      [
        0.7431448698043823,
        2.3930510906211566e-09,
        0.6691306829452515,
        0.0
      ],
      [
        0.17881737649440765,
        0.9636303782463074,
        -0.1985968053340912,
        -1.454874976047904e-08
      ],
      [
        -0.6447946429252625,
        0.2672383487224579,
        0.7161169648170471,
        0.7758177518844604
      ],
      [
        0.0,
        0.0,
        0.0,
        1.0
      ]
    ],
    [
      [
        0.7343224287033081,
        1.2898501822178332e-08,
        0.6788008213043213,
        0.0
      ],
      [
        0.18354123830795288,
        0.9627507925033569,
        -0.19855378568172455,
        -2.393174725057179e-08
      ],
      [
        -0.6535159349441528,
        0.27039042115211487,
        0.7069695591926575,
        0.7728790044784546
      ],
      [
        0.0,
        0.0,
        0.0,
        1.0
      ]
    ],
    [
      [
        0.7253744006156921,
        1.5690311272464896e-09,
        0.6883546113967896,
        0.0
      ],
      [
        0.18829220533370972,
        0.9618607759475708,
        -0.19841858744621277,
        -1.181163611363445e-08
      ],
      [
        -0.6621012091636658,
        0.27353954315185547,
        0.6977091431617737,
        0.7699403762817383
      ],
      [
        0.0,
        0.0,
        0.0,
        1.0
      ]
    ],
    [
      [
        0.7163019180297852,
        2.5284162319394454e-08,
        0.6977905035018921,
        0.0
      ],
      [
        0.1930687129497528,
        0.9609604477882385,
        -0.1981905698776245,
        1.901249468971855e-08
      ],
      [
        -0.6705490946769714,
        0.27668580412864685,
        0.6883378624916077,
        0.7670015692710876
      ],
      [
        0.0,
        0.0,
        0.0,
        1.0
      ]
    ],
    [
      [
        0.7071068286895752,
        1.333345345244652e-08,
        0.7071067690849304,
        0.0
      ],
      [
        0.1978689730167389,
        0.9600498080253601,
        -0.19786898791790009,
        6.59552412685116e-10
      ],
      [
        -0.678857684135437,
        0.2798289954662323,
        0.6788577437400818,
        0.7640629410743713
      ],
      [
        0.0,
        0.0,
        0.0,
        1.0
      ]
    ],
    [
      [
        0.6977903842926025,
        1.8825119241228094e-09,
        0.7163019776344299,
        5.960464477539063e-08
      ],
      [
        0.2026914656162262,
        0.9591289758682251,
        -0.19745327532291412,
        -1.541286209771897e-08
      ],
      [
        -0.6870260238647461,
        0.28296929597854614,
        0.6692711114883423,
        0.7611242532730103
      ],
      [
        0.0,
        0.0,
        0.0,
        1.0
      ]
    ],
    [
      [
        0.6883546113967896,
        -1.175207042791726e-08,
        0.7253744006156921,
        -2.6113088580359545e-08
      ],
      [
        0.2075342833995819,
        0.9581977128982544,
        -0.19694267213344574,
        -1.4626817979035422e-08
      ],
      [
        -0.6950520873069763,
        0.2861064374446869,
        0.6595798134803772,
        0.7581854462623596
      ],
      [
        0.0,
        0.0,
        0.0,
        1.0
      ]
    ],
    [
      [
        0.6788007020950317,
        5.134365821390929e-09,
        0.7343224883079529,
        -3.9089758985255685e-08
      ],
      [
        0.21239595115184784,
        0.9572563767433167,
        -0.1963367760181427,
        -1.9598539680032445e-08
      ],
      [
        -0.702934980392456,
        0.28924065828323364,
        0.6497863531112671,
        0.7552468180656433
      ],
      [
        0.0,
        0.0,
        0.0,
        1.0
      ]
    ],
    [
      [
        0.6691306233406067,
        1.1312828895881921e-08,
        0.7431448101997375,
        -3.142402249523002e-08
      ],
      [
        0.2172745168209076,
        0.9563047885894775,
        -0.1956348866224289,
        -3.0344509127644415e-08
      ],
      [
        -0.710672914981842,
        0.2923716902732849,
        0.6398927569389343,
        0.7523080706596375
      ],
      [
        0.0,
        0.0,
        0.0,
        1.0
      ]
    ],
    [
      [
        0.6593458652496338,
        1.5911860717920945e-09,
        0.7518398761749268,
        -1.7643912997300504e-08
      ],
      [
        0.22216834127902985,
        0.9553427696228027,
        -0.19483640789985657,
        -1.9185959487799664e-09
      ],
      [
        -0.7182646989822388,
        0.2954995930194855,
        0.6299012899398804,
        0.7493693828582764
      ],
      [
        0.0,
        0.0,
        0.0,
        1.0
      ]
    ],
    [
      [
        0.649448037147522,
        -2.0320017668495893e-08,
        0.7604058980941772,
        -1.882013123122306e-08
      ],
      [
        0.22707577049732208,
        0.9543706774711609,
        -0.19394102692604065,
        6.20654638794349e-09
      ],
      [
        -0.7257091999053955,
        0.2986243963241577,
        0.6198141574859619,
        0.7464306950569153
      ],
      [
        0.0,
        0.0,
        0.0,
        1.0
      ]
    ],
    [
      [
        0.6394389867782593,
        -1.578324670958864e-08,
        0.7688418626785278,
        2.6261918861791855e-08
      ],
      [
        0.23199494183063507,
        0.9533883929252625,
        -0.19294816255569458,
        -1.4351736687956418e-08
      ],
      [
        -0.7330048680305481,
        0.3017459809780121,
        0.6096336841583252,
        0.7434919476509094
      ],
      [
        0.0,
        0.0,
        0.0,
        1.0
      ]
    ],
    [
      [
        0.6293203234672546,
        1.2861647302742085e-09,
        0.7771459817886353,
        2.1287880347387045e-09
      ],
      [
        0.23692406713962555,
        0.9523957967758179,
        -0.19185729324817657,
        7.1971828496941725e-09
      ],
      [
        -0.740150511264801,
        0.3048642873764038,
        0.5993620753288269,
        0.7405533194541931
      ],
      [
        0.0,
        0.0,
        0.0,
        1.0
      ]
    ],
    [
      [
        0.6190939545631409,
        9.486865737429184e-10,
        0.7853169441223145,
        3.615513932686554e-08
      ],
      [
        0.24186140298843384,
        0.9513930082321167,
        -0.19066813588142395,
        -7.668381485359532e-10
      ],
      [
        -0.7471449971199036,
        0.3079793453216553,
        0.5890015959739685,
        0.7376145124435425
      ],
      [
        0.0,
        0.0,
        0.0,
        1.0
      ]
    ],
    [
      [
        0.6087614297866821,
        -1.2803704763086898e-08,
        0.7933533191680908,
        5.29027444073904e-09
      ],
      [
        0.24680523574352264,
        0.9503800868988037,
        -0.18938030302524567,
        -2.015247702047418e-08
      ],
      [
        -0.7539872527122498,
        0.3110911548137665,
        0.5785547494888306,
        0.7346758842468262
      ],
      [
        0.0,
        0.0,
        0.0,
        1.0
      ]
    ],
    [
      [
        0.5983245968818665,
        -7.732590567854913e-09,
        0.8012537956237793,
        -2.597798420822528e-08
      ],
      [
        0.251753568649292,
        0.9493569135665894,
        -0.18799330294132233,
        2.008767019390234e-08
      ],
      [
        -0.760675847530365,
        0.3141995668411255,
        0.5680235624313354,
        0.7317371368408203
      ],
      [
        0.0,
        0.0,
        0.0,
        1.0
      ]
    ],
    [
      [
        0.5877852439880371,
        -2.2045368197609605e-08,
        0.80901700258255,
        1.895435453036498e-08
      ],
      [
        0.2567048668861389,
        0.9483236074447632,
        -0.18650701642036438,
        -2.000876619945302e-08
      ],
      [
        -0.7672100067138672,
        0.3173046410083771,
        0.5574106574058533,
        0.7287984490394592
      ],
      [
        0.0,
        0.0,
        0.0,
        1.0
      ]
    ],
    [
      [
        0.5771451592445374,
        -5.400538349853434e-10,
        0.8166415095329285,
        -1.8462479545178212e-08
      ],
      [
        0.26165705919265747,
        0.9472801089286804,
        -0.18492095172405243,
        -7.237452415154166e-09
      ],
      [
        -0.7735882997512817,
        0.3204062879085541,
        0.546718180179596,
        0.7258598208427429
      ],
      [
        0.0,
        0.0,
        0.0,
        1.0
      ]
    ],
    [
      [
        0.56640625,
        -3.256257263828388e-09,
        0.8241261839866638,
        -2.13625614975399e-08
      ],
      [
        0.2666085958480835,
        0.9462265968322754,
        -0.18323500454425812,
        -1.3583775881897964e-08
      ],
      [
        -0.7798101305961609,
        0.32350456714630127,
        0.535948634147644,
        0.7229210734367371
      ],
      [
        0.0,
        0.0,
        0.0,
        1.0
      ]
    ],
    [
      [
        0.5555702447891235,
        2.9393638634189756e-09,
        0.8314695954322815,
        2.0019923496761294e-08
      ],
      [
        0.27155745029449463,
        0.9451628923416138,
        -0.18144886195659637,
        5.9542624164521385e-09
      ],
      [
        -0.7858741283416748,
        0.3265993595123291,
        0.5251043438911438,
        0.7199823260307312
      ],
      [
        0.0,
        0.0,
        0.0,
        1.0
      ]
    ],
    [
      [
        0.5446391105651855,
        9.310325843614464e-09,
        0.8386706113815308,
        4.429223654511816e-09
      ],
      [
        0.2765018939971924,
        0.9440890550613403,
        -0.17956244945526123,
        -2.6887375881301523e-08
      ],
      [
        -0.791779637336731,
        0.32969069480895996,
        0.5141878128051758,
        0.7170436978340149
      ],
      [
        0.0,
        0.0,
        0.0,
        1.0
      ]
    ],
    [
      [
        0.5336145162582397,
        -4.379799634079973e-09,
        0.8457278609275818,
        1.803266513888957e-08
      ],
      [
        0.2814399003982544,
        0.9430050253868103,
        -0.17757537961006165,
        3.203739140644757e-08
      ],
      [
        -0.7975255250930786,
        0.33277836441993713,
        0.5032011866569519,
        0.7141048312187195
      ],
      [
        0.0,
        0.0,
        0.0,
        1.0
      ]
    ],
    [
      [
        0.5224985480308533,
        -3.6473728481922763e-09,
        0.8526401519775391,
        1.5221894855699247e-08
      ],
      [
        0.2863699197769165,
        0.9419109225273132,
        -0.1754877120256424,
        -1.111258463026843e-08
      ],
      [
        -0.80311119556427,
        0.33586257696151733,
        0.4921471178531647,
        0.711166262626648
      ],
      [
        0.0,
        0.0,
        0.0,
        1.0
      ]
    ],
    [
      [
        0.5112930536270142,
        -4.026425859393612e-10,
        0.8594063520431519,
        -7.2600450096160785e-09
      ],
      [
        0.29128992557525635,
        0.9408068060874939,
        -0.17329929769039154,
        -6.5817618022379065e-09
      ],
      [
        -0.8085353970527649,
        0.3389431834220886,
        0.4810280501842499,
        0.7082275748252869
      ],
      [
        0.0,
        0.0,
        0.0,
        1.0
      ]
    ],
    [
      [
        0.5000000596046448,
        -9.91040804976251e-10,
        0.866025447845459,
        -4.379085538630534e-08
      ],
      [
        0.29619815945625305,
        0.9396926164627075,
        -0.1710101068019867,
        -3.044452157041633e-08
      ],
      [
        -0.8137977123260498,
        0.3420201539993286,
        0.46984633803367615,
        0.7052888870239258
      ],
      [
        0.0,
        0.0,
        0.0,
        1.0
      ]
    ]
  ],
  "height": 602,
  "width": 602
}