{
  "intrinsic": [
    [
      2340.081787109375,
      0.0,
      378.0
    ],
    [
      0.0,
      1571.525390625,
      238.0
    ],
    [
      0.0,
      0.0,
      1.0
    ]
  ],
  "extrinsic": [
    [
      [
        1.0,
        0.0,
        0.0,
        0.0
      ],
      [
        0.0,
        0.9961946606636047,
        -0.08715574443340302,
        -9.947302537227642e-09
      ],
      [
        0.0,
        0.08715574443340302,
        0.9961947202682495,
        0.8788883090019226
      ],
      [
        0.0,
        0.0,
        0.0,
        1.0
      ]
    ],
    [
      [
        1.0,
        0.0,
        0.0,
        0.002736353315412998
      ],
      [
        0.0,
        0.9961946606636047,
        -0.08715574443340302,
        -9.959151725524862e-09
      ],
      [
        0.0,
        0.08715574443340302,
        0.9961947202682495,
        0.8865785598754883
      ],
      [
        0.0,
        0.0,
        0.0,
        1.0
      ]
    ],
    [
      [
        1.0,
        0.0,
        0.0,
        0.005520178005099297
      ],
      [
        0.0,
        0.9961946606636047,
        -0.08715574443340302,
        -7.735151186238909e-09
      ],
      [
        0.0,
        0.08715574443340302,
        0.9961947202682495,
        0.8942688703536987
      ],
      [
        0.0,
        0.0,
        0.0,
        1.0
      ]
    ],
    [
      [
        1.0,
        0.0,
        0.0,
        0.008351472206413746
      ],
      [
        0.0,
        0.9961946606636047,
        -0.08715574443340302,
        -2.5322695051954724e-09
      ],
      [
        0.0,
        0.08715574443340302,
        0.9961947202682495,
        0.9019590616226196
      ],
      [
        0.0,
        0.0,
        0.0,
        1.0
      ]
    ],
    [
      [
        1.0,
        0.0,
        0.0,
        0.01123023871332407
      ],
      [
        0.0,
        0.9961946606636047,
        -0.08715574443340302,
        -9.99469929041652e-09
      ],
      [
        0.0,
        0.08715574443340302,
        0.9961947202682495,
        0.9096493124961853
      ],
      [
        0.0,
        0.0,
        0.0,
        1.0
      ]
    ],
    [
      [
        1.0,
        0.0,
        0.0,
        0.01415647566318512
      ],
      [
        0.0,
        0.9961946606636047,
        -0.08715574443340302,
        -5.534849023547395e-09
      ],
      [
        0.0,
        0.08715574443340302,
        0.9961947202682495,
        0.9173396825790405
      ],
      [
        0.0,
        0.0,
        0.0,
        1.0
      ]
    ],
    [
      [
        1.0,
        0.0,
        0.0,
        0.017130183055996895
      ],
      [
        0.0,
        0.9961946606636047,
        -0.08715574443340302,
        -1.076142908118527e-08
      ],
      [
        0.0,
        0.08715574443340302,
        0.9961947202682495,
        0.925029993057251
      ],
      [
        0.0,
        0.0,
        0.0,
        1.0
      ]
    ],
    [
      [
        1.0,
        0.0,
        0.0,
        0.02015135996043682
      ],
      [
        0.0,
        0.9961946606636047,
        -0.08715574443340302,
        -1.3009127997065661e-08
      ],
      [
        0.0,
        0.08715574443340302,
        0.9961947202682495,
        0.9327201843261719
      ],
      [
        0.0,
        0.0,
        0.0,
        1.0
      ]
    ],
    [
      [
        1.0,
        0.0,
        0.0,
        0.023220011964440346
      ],
      [
        0.0,
        0.9961946606636047,
        -0.08715574443340302,
        -1.0785127457779708e-08
      ],
      [
        0.0,
        0.08715574443340302,
        0.9961947202682495,
        0.9404104948043823
      ],
      [
        0.0,
        0.0,
        0.0,
        1.0
      ]
    ],
    [
      [
        1.0,
        0.0,
        0.0,
        0.026336131617426872
      ],
      [
        0.0,
        0.9961946606636047,
        -0.08715574443340302,
        -3.3463960491530997e-09
      ],
      [
        0.0,
        0.08715574443340302,
        0.9961947202682495,
        0.948100745677948
      ],
      [
        0.0,
        0.0,
        0.0,
        1.0
      ]
    ],
    [
      [
        1.0,
        0.0,
        0.0,
        0.02949972078204155
      ],
      [
        0.0,
        0.9961946606636047,
        -0.08715574443340302,
        -1.0808825834374147e-08
      ],
      [
        0.0,
        0.08715574443340302,
        0.9961947202682495,
        0.9557909965515137
      ],
      [
        0.0,
        0.0,
        0.0,
        1.0
      ]
    ],
    [
      [
        1.0,
        0.0,
        0.0,
        0.032710783183574677
      ],
      [
        0.0,
        0.9961946606636047,
        -0.08715574443340302,
        -8.584825295088194e-09
      ],
      [
        0.0,
        0.08715574443340302,
        0.9961947202682495,
        0.9634813070297241
      ],
      [
        0.0,
        0.0,
        0.0,
        1.0
      ]
    ],
    [
      [
        1.0,
        0.0,
        0.0,
        0.035969313234090805
      ],
      [
        0.0,
        0.9961946606636047,
        -0.08715574443340302,
        -1.1460938864615855e-09
      ],
      [
        0.0,
        0.08715574443340302,
        0.9961947202682495,
        0.9711715579032898
      ],
      [
        0.0,
        0.0,
        0.0,
        1.0
      ]
    ],
    [
      [
        1.0,
        0.0,
        0.0,
        0.03927531838417053
      ],
      [
        0.0,
        0.9961946606636047,
        -0.08715574443340302,
        -8.608523671682633e-09
      ],
      [
        0.0,
        0.08715574443340302,
        0.9961947202682495,
        0.9788618087768555
      ],
      [
        0.0,
        0.0,
        0.0,
        1.0
      ]
    ],
    [
      [
        1.0,
        0.0,
        0.0,
        0.04262879118323326
      ],
      [
        0.0,
        0.9961946606636047,
        -0.08715574443340302,
        -8.620372859979852e-09
      ],
      [
        0.0,
        0.08715574443340302,
        0.9961947202682495,
        0.9865520596504211
      ],
      [
        0.0,
        0.0,
        0.0,
        1.0
      ]
    ],
    [
      [
        1.0,
        0.0,
        0.0,
        0.04602973908185959
      ],
      [
        0.0,
        0.9961946606636047,
        -0.08715574443340302,
        -1.3846952917617728e-08
      ],
      [
        0.0,
        0.08715574443340302,
        0.9961947202682495,
        0.9942423701286316
      ],
      [
        0.0,
        0.0,
        0.0,
        1.0
      ]
    ],
    [
      [
        1.0,
        -1.008641642430419e-10,
        -2.511502117386044e-09,
        0.04947815090417862
      ],
      [
        0.0,
        0.9961946606636047,
        -0.08715575188398361,
        -1.2675389626792821e-08
      ],
      [
        0.0,
        0.08715574443340302,
        0.9961946606636047,
        1.0019326210021973
      ],
      [
        0.0,
        -2.0385595433936032e-09,
        -5.0759815906076255e-08,
        0.9999999403953552
      ]
    ],
    [
      [
        1.0,
        1.9002928397515717e-10,
        1.5198141634087392e-09,
        0.05297403782606125
      ],
      [
        0.0,
        0.9961946606636047,
        -0.08715575188398361,
        -1.4901161193847656e-08
      ],
      [
        0.0,
        0.08715575188398361,
        0.9961947798728943,
        1.0096229314804077
      ],
      [
        0.0,
        3.587215413602962e-09,
        2.8689793651892614e-08,
        1.0
      ]
    ],
    [
      [
        1.0,
        -6.376728312051938e-11,
        -1.6186129103701319e-09,
        0.05651739984750748
      ],
      [
        0.0,
        0.9961946606636047,
        -0.08715574443340302,
        -1.4901161193847656e-08
      ],
      [
        0.0,
        0.08715574443340302,
        0.9961946606636047,
        1.0173132419586182
      ],
      [
        0.0,
        -1.128277027362401e-09,
        -2.8639195903679138e-08,
        1.0
      ]
    ],
    [
      [
        1.0,
        9.494382363639531e-11,
        1.208695254995007e-09,
        0.06010822206735611
      ],
      [
        0.0,
        0.9961946606636047,
        -0.08715574443340302,
        -1.4901161193847656e-08
      ],
      [
        0.0,
        0.08715574443340302,
        0.9961947202682495,
        1.0250035524368286
      ],
      [
        0.0,
        1.5795480479141588e-09,
        2.0108650744532497e-08,
        1.0
      ]
    ],
    [
      [
        1.0,
        2.6980814804566933e-10,
        4.28384483441846e-09,
        0.06374651938676834
      ],
      [
        0.0,
        0.9961946606636047,
        -0.08715574443340302,
        -2.2351741790771484e-08
      ],
      [
        0.0,
        0.08715575188398361,
        0.9961947798728943,
        1.032693862915039
      ],
      [
        0.0,
        4.23251567127636e-09,
        6.72012347990858e-08,
        1.0
      ]
    ],
    [
      [
        1.0,
        -9.084817620408359e-11,
        4.667385922196843e-10,
        0.06743229180574417
      ],
      [
        0.0,
        0.9961946606636047,
        -0.08715574443340302,
        -7.450580596923828e-09
      ],
      [
        0.0,
        0.08715574443340302,
        0.9961947202682495,
        1.0403839349746704
      ],
      [
        0.0,
        -1.3472503113121093e-09,
        6.921588635577791e-09,
        1.0
      ]
    ],
    [
      [
        1.0,
        -5.899256083630178e-11,
        -2.4690942623806222e-09,
        0.0711655244231224
      ],
      [
        0.0,
        0.9961946606636047,
        -0.08715574443340302,
        1.985155595463084e-09
      ],
      [
        0.0,
        0.08715574443340302,
        0.9961946606636047,
        1.0480741262435913
      ],
      [
        0.0,
        -8.28948465425583e-10,
        -3.469508769171625e-08,
        0.9999999403953552
      ]
    ],
    [
      [
        1.0,
        1.4533182990383864e-10,
        3.192487940673061e-10,
        0.07494624704122543
      ],
      [
        0.0,
        0.9961946606636047,
        -0.08715574443340302,
        -7.450580596923828e-09
      ],
      [
        0.0,
        0.08715575188398361,
        0.9961947202682495,
        1.0557644367218018
      ],
      [
        0.0,
        1.9391475092334076e-09,
        4.259703700881801e-09,
        1.0
      ]
    ],
    [
      [
        1.0,
        -9.393345823394128e-11,
        1.4232849343542853e-09,
        0.07877442985773087
      ],
      [
        0.0,
        0.9961946606636047,
        -0.08715575188398361,
        -1.4901161193847656e-08
      ],
      [
        0.0,
        0.08715575188398361,
        0.9961947798728943,
        1.0634548664093018
      ],
      [
        0.0,
        -1.192435927777069e-09,
        1.806785476787809e-08,
        1.0
      ]
    ],
    [
      [
        1.0,
        2.0766027786223162e-11,
        -2.805937704408734e-09,
        0.0826500728726387
      ],
      [
        0.0,
        0.9961946606636047,
        -0.08715574443340302,
        -1.3036313362135843e-08
      ],
      [
        0.0,
        0.08715574443340302,
        0.9961946606636047,
        1.0711450576782227
      ],
      [
        0.0,
        2.5125235225686993e-10,
        -3.394960756963883e-08,
        0.9999999403953552
      ]
    ],
    [
      [
        1.0,
        -3.078073074203047e-10,
        1.153206419246544e-09,
        0.08657319843769073
      ],
      [
        0.0,
        0.9961946606636047,
        -0.08715574443340302,
        -1.4901161193847656e-08
      ],
      [
        0.0,
        0.08715574443340302,
        0.9961947202682495,
        1.078835368156433
      ],
      [
        0.0,
        -3.5554572619389546e-09,
        1.3320594405286101e-08,
        1.0
      ]
    ],
    [
      [
        1.0,
        -2.4804935883082635e-11,
        4.016745269730393e-10,
        0.09054380655288696
      ],
      [
        0.0,
        0.9961946606636047,
        -0.08715574443340302,
        -2.2351741790771484e-08
      ],
      [
        0.0,
        0.08715574443340302,
        0.9961947202682495,
        1.086525797843933
      ],
      [
        0.0,
        -2.7395508084282483e-10,
        4.436245149008755e-09,
        1.0
      ]
    ],
    [
      [
        1.0,
        -3.9619771352583655e-10,
        -4.97632068885423e-09,
        0.0945618599653244
      ],
      [
        0.0,
        0.9961946606636047,
        -0.08715575188398361,
        -2.060720305507857e-08
      ],
      [
        0.0,
        0.08715574443340302,
        0.9961946606636047,
        1.094215989112854
      ],
      [
        0.0,
        -4.1898253755334736e-09,
        -5.2625026114583306e-08,
        0.9999999403953552
      ]
    ],
    [
      [
        1.0,
        3.980616392063041e-10,
        6.598614987751716e-09,
        0.09862740337848663
      ],
      [
        0.0,
        0.9961946606636047,
        -0.08715574443340302,
        -7.450580596923828e-09
      ],
      [
        0.0,
        0.08715575188398361,
        0.9961947798728943,
        1.101906180381775
      ],
      [
        0.0,
        4.0360146336126945e-09,
        6.690447662549559e-08,
        1.0
      ]
    ],
    [
      [
        1.0,
        -3.160018427483813e-11,
        -1.402954419305047e-09,
        0.10274040699005127
      ],
      [
        0.0,
        0.9961946606636047,
        -0.08715574443340302,
        -1.3236826745810504e-08
      ],
      [
        0.0,
        0.08715575188398361,
        0.9961947202682495,
        1.1095964908599854
      ],
      [
        0.0,
        -3.075730781176844e-10,
        -1.3655331088102685e-08,
        0.9999999403953552
      ]
    ],
    [
      [
        1.0,
        -2.621160788418564e-10,
        -1.361248447295793e-09,
        0.1069008857011795
      ],
      [
        0.0,
        0.9961946606636047,
        -0.08715574443340302,
        0.0
      ],
      [
        0.0,
        0.08715574443340302,
        0.9961947202682495,
        1.1172866821289062
      ],
      [
        0.0,
        -2.4519541952372492e-09,
        -1.273374294896712e-08,
        1.0
      ]
    ],
    [
      [
        1.0,
        -1.9199961065474724e-10,
        -3.299314155214006e-09,
        0.11110882461071014
      ],
      [
        0.0,
        0.9961946606636047,
        -0.08715574443340302,
        -1.3317031921644684e-08
      ],
      [
        0.0,
        0.08715574443340302,
        0.9961946606636047,
        1.1249768733978271
      ],
      [
        0.0,
        -1.7280319397627864e-09,
        -2.9694437131411178e-08,
        0.9999999403953552
      ]
    ],
    [
      [
        1.0,
        3.7097405702901654e-10,
        4.800456032683087e-09,
        0.11536426097154617
      ],
      [
        0.0,
        0.9961946606636047,
        -0.08715573698282242,
        -7.450580596923828e-09
      ],
      [
        0.0,
        0.08715574443340302,
        0.9961947202682495,
        1.1326673030853271
      ],
      [
        0.0,
        3.2156757256984747e-09,
        4.161129396607066e-08,
        1.0
      ]
    ],
    [
      [
        1.0,
        -5.764688726372924e-10,
        -5.22180354511903e-10,
        0.11966714262962341
      ],
      [
        0.0,
        0.9961946606636047,
        -0.08715574443340302,
        -1.3397237097478865e-08
      ],
      [
        0.0,
        0.08715573698282242,
        0.9961946606636047,
        1.140357494354248
      ],
      [
        0.0,
        -4.81726925016801e-09,
        -4.363606365132e-09,
        0.9999999403953552
      ]
    ],
    [
      [
        1.0,
        -5.1561394043275754e-11,
        -1.346592060080809e-09,
        0.12401750683784485
      ],
      [
        0.0,
        0.9961946606636047,
        -0.08715574443340302,
        -1.4901161193847656e-08
      ],
      [
        0.0,
        0.08715574443340302,
        0.9961947202682495,
        1.1480478048324585
      ],
      [
        0.0,
        -4.157589827968877e-10,
        -1.0858080656817037e-08,
        1.0
      ]
    ],
    [
      [
        1.0,
        4.807015896446387e-11,
        -1.1707940172911435e-09,
        0.12841534614562988
      ],
      [
        0.0,
        0.9961946606636047,
        -0.08715574443340302,
        -1.4901161193847656e-08
      ],
      [
        0.0,
        0.08715574443340302,
        0.9961947202682495,
        1.1557382345199585
      ],
      [
        0.0,
        3.743334531236542e-10,
        -9.117243848777434e-09,
        1.0
      ]
    ],
    [
      [
        1.0,
        -9.272963646944632e-11,
        -2.2776273922442414e-10,
        0.13286064565181732
      ],
      [
        0.0,
        0.9961946606636047,
        -0.08715574443340302,
        -7.450580596923828e-09
      ],
      [
        0.0,
        0.08715574443340302,
        0.9961947202682495,
        1.1634283065795898
      ],
      [
        0.0,
        -6.97946589411913e-10,
        -1.7142980368589633e-09,
        1.0
      ]
    ],
    [
      [
        1.0,
        -2.541002963596384e-10,
        1.328588572491185e-09,
        0.13735340535640717
      ],
      [
        0.0,
        0.9961946606636047,
        -0.08715575188398361,
        -7.450580596923828e-09
      ],
      [
        0.0,
        0.08715575188398361,
        0.9961947798728943,
        1.1711186170578003
      ],
      [
        0.0,
        -1.849974395895515e-09,
        9.672774581304111e-09,
        1.0
      ]
    ],
    [
      [
        1.0,
        5.641420663948793e-10,
        6.686049935922256e-09,
        0.1418936550617218
      ],
      [
        0.0,
        0.9961946606636047,
        -0.08715574443340302,
        -1.4901161193847656e-08
      ],
      [
        0.0,
        0.08715575188398361,
        0.9961947798728943,
        1.1788089275360107
      ],
      [
        0.0,
        3.975809015344112e-09,
        4.7120146007273433e-08,
        1.0
      ]
    ],
    [
      [
        1.0,
        -7.665850176863387e-10,
        -2.4729920888866275e-10,
        0.14648137986660004
      ],
      [
        0.0,
        0.9961946606636047,
        -0.08715574443340302,
        -1.4901161193847656e-08
      ],
      [
        0.0,
        0.08715573698282242,
        0.9961947202682495,
        1.1864992380142212
      ],
      [
        0.0,
        -5.233327549092337e-09,
        -1.6882637510207132e-09,
        1.0
      ]
    ],
    [
      [
        1.0,
        -1.6569813576783332e-10,
        2.7600037810771028e-09,
        0.15111656486988068
      ],
      [
        0.0,
        0.9961946606636047,
        -0.08715575188398361,
        -7.450580596923828e-09
      ],
      [
        0.0,
        0.08715575188398361,
        0.9961947798728943,
        1.194189429283142
      ],
      [
        0.0,
        -1.0964922303458025e-09,
        1.826407114435824e-08,
        1.0
      ]
    ],
    [
      [
        1.0,
        -5.980780315439915e-10,
        -4.299182787548261e-09,
        0.15579921007156372
      ],
      [
        0.0,
        0.9961946606636047,
        -0.08715574443340302,
        -1.4901161193847656e-08
      ],
      [
        0.0,
        0.08715574443340302,
        0.9961947202682495,
        1.201879620552063
      ],
      [
        0.0,
        -3.8387746315038385e-09,
        -2.7594381890594377e-08,
        1.0
      ]
    ],
    [
      [
        1.0,
        2.499414841761194e-10,
        2.48225084931164e-09,
        0.16052936017513275
      ],
      [
        0.0,
        0.9961946606636047,
        -0.08715574443340302,
        -1.4901161193847656e-08
      ],
      [
        0.0,
        0.08715574443340302,
        0.9961947202682495,
        1.209570050239563
      ],
      [
        0.0,
        1.5569829869832574e-09,
        1.5462909175312234e-08,
        1.0
      ]
    ],
    [
      [
        1.0,
        7.963745635164443e-11,
        -2.83490142471976e-09,
        0.1653069406747818
      ],
      [
        0.0,
        0.9961946606636047,
        -0.08715574443340302,
        -7.450580596923828e-09
      ],
      [
        0.0,
        0.08715575188398361,
        0.9961947202682495,
        1.2172602415084839
      ],
      [
        0.0,
        4.817550802727055e-10,
        -1.7149318409792613e-08,
        1.0
      ]
    ],
    [
      [
        1.0,
        9.652231236501052e-10,
        9.892483276985331e-09,
        0.17013199627399445
      ],
      [
        0.0,
        0.9961946606636047,
        -0.08715573698282242,
        -2.2351741790771484e-08
      ],
      [
        0.0,
        0.08715575188398361,
        0.9961947202682495,
        1.2249505519866943
      ],
      [
        0.0,
        5.673378211668023e-09,
        5.814592896058457e-08,
        1.0
      ]
    ],
    [
      [
        1.0,
        -3.199774820106249e-11,
        -7.076361718816315e-09,
        0.17500455677509308
      ],
      [
        0.0,
        0.9961946606636047,
        -0.08715575188398361,
        0.0
      ],
      [
        0.0,
        0.08715574443340302,
        0.9961946606636047,
        1.2326407432556152
      ],
      [
        0.0,
        -1.8283952130104808e-10,
        -4.043529955310987e-08,
        1.0
      ]
    ],
    [
      [
        1.0,
        1.1598879495755554e-10,
        2.7521434020627566e-09,
        0.17992457747459412
      ],
      [
        0.0,
        0.9961946606636047,
        -0.08715574443340302,
        -7.450580596923828e-09
      ],
      [
        0.0,
        0.08715574443340302,
        0.9961947202682495,
        1.2403310537338257
      ],
      [
        0.0,
        6.446523315162267e-10,
        1.5296095057237835e-08,
        1.0
      ]
    ],
    [
      [
        1.0,
        6.025470677961664e-10,
        2.5122144364786436e-09,
        0.18489202857017517
      ],
      [
        0.0,
        0.9961946606636047,
        -0.08715575188398361,
        -1.4901161193847656e-08
      ],
      [
        0.0,
        0.08715575188398361,
        0.9961947798728943,
        1.2480213642120361
      ],
      [
        0.0,
        3.2589131393478965e-09,
        1.3587467151410237e-08,
        1.0
      ]
    ],
    [
      [
        1.0,
        1.0451699922198188e-10,
        -9.598186689885324e-10,
        0.1899069994688034
      ],
      [
        0.0,
        0.9961946606636047,
        -0.08715574443340302,
        -7.450580596923828e-09
      ],
      [
        0.0,
        0.08715574443340302,
        0.9961946606636047,
        1.2557116746902466
      ],
      [
        0.0,
        5.503588695887629e-10,
        -5.054150875594132e-09,
        1.0
      ]
    ],
    [
      [
        1.0,
        9.308594450807561e-10,
        2.088843764624926e-09,
        0.19496943056583405
      ],
      [
        0.0,
        0.9961946606636047,
        -0.08715574443340302,
        -2.2351741790771484e-08
      ],
      [
        0.0,
        0.08715575188398361,
        0.9961947202682495,
        1.263401985168457
      ],
      [
        0.0,
        4.774386663797259e-09,
        1.0713698372910585e-08,
        1.0
      ]
    ],
    [
      [
        1.0,
        -4.2523995436027917e-10,
        -1.1504652785987446e-09,
        0.2000793218612671
      ],
      [
        0.0,
        0.9961946606636047,
        -0.08715574443340302,
        -1.4901161193847656e-08
      ],
      [
        0.0,
        0.08715574443340302,
        0.9961947202682495,
        1.271092176437378
      ],
      [
        0.0,
        -2.125356779458798e-09,
        -5.750045772856538e-09,
        1.0
      ]
    ],
    [
      [
        1.0,
        1.8315685079706157e-10,
        -5.943526781848618e-10,
        0.20523668825626373
      ],
      [
        0.0,
        0.9961946606636047,
        -0.08715574443340302,
        -1.4901161193847656e-08
      ],
      [
        0.0,
        0.08715574443340302,
        0.9961947202682495,
        1.2787824869155884
      ],
      [
        0.0,
        8.924176952973539e-10,
        -2.8959377118553675e-09,
        1.0
      ]
    ],
    [
      [
        1.0,
        -1.4350340360458347e-10,
        -4.9299750948250676e-09,
        0.21044151484966278
      ],
      [
        0.0,
        0.9961946606636047,
        -0.08715574443340302,
        -7.450580596923828e-09
      ],
      [
        0.0,
        0.08715574443340302,
        0.9961946606636047,
        1.2864726781845093
      ],
      [
        0.0,
        -6.819158571147454e-10,
        -2.3426817818972268e-08,
        1.0
      ]
    ],
    [
      [
        1.0,
        -7.546650526712995e-10,
        -6.454793144428095e-09,
        0.21569383144378662
      ],
      [
        0.0,
        0.9961946606636047,
        -0.08715574443340302,
        0.0
      ],
      [
        0.0,
        0.08715574443340302,
        0.9961946606636047,
        1.2941628694534302
      ],
      [
        0.0,
        -3.498779044264211e-09,
        -2.992571879190109e-08,
        1.0
      ]
    ],
    [
      [
        1.0,
        3.346867782916263e-10,
        5.889146947879453e-09,
        0.22099359333515167
      ],
      [
        0.0,
        0.9961946606636047,
        -0.08715575188398361,
        -7.450580596923828e-09
      ],
      [
        0.0,
        0.08715575188398361,
        0.9961947798728943,
        1.3018532991409302
      ],
      [
        0.0,
        1.5144636655861632e-09,
        2.6648496742609495e-08,
        1.0
      ]
    ],
    [
      [
        1.0,
        1.0537241079688897e-09,
        5.7491318372626665e-09,
        0.22634084522724152
      ],
      [
        0.0,
        0.9961946606636047,
        -0.08715575188398361,
        -1.4901161193847656e-08
      ],
      [
        0.0,
        0.08715575188398361,
        0.9961947798728943,
        1.3095436096191406
      ],
      [
        0.0,
        4.655474672432547e-09,
        2.5400328951263873e-08,
        1.0
      ]
    ],
    [
      [
        1.0,
        -5.995715590678685e-10,
        5.717198381383071e-10,
        0.23173557221889496
      ],
      [
        0.0,
        0.9961946606636047,
        -0.08715575188398361,
        -7.450580596923828e-09
      ],
      [
        0.0,
        0.08715574443340302,
        0.9961947798728943,
        1.3172338008880615
      ],
      [
        0.0,
        -2.5873090336858695e-09,
        2.4671216181104683e-09,
        1.0
      ]
    ],
    [
      [
        1.0,
        -6.118776041397211e-10,
        -2.202746651747134e-09,
        0.237177774310112
      ],
      [
        0.0,
        0.9961946606636047,
        -0.08715574443340302,
        -7.450580596923828e-09
      ],
      [
        0.0,
        0.08715574443340302,
        0.9961946606636047,
        1.324924111366272
      ],
      [
        0.0,
        -2.5798270186783157e-09,
        -9.28732291072265e-09,
        1.0
      ]
    ],
    [
      [
        1.0,
        2.8196020518400644e-10,
        -4.776609330292558e-09,
        0.24266742169857025
      ],
      [
        0.0,
        0.9961946606636047,
        -0.08715574443340302,
        -1.4901161193847656e-08
      ],
      [
        0.0,
        0.08715575188398361,
        0.9961947202682495,
        1.3326144218444824
      ],
      [
        0.0,
        1.161920337722222e-09,
        -1.968376750483003e-08,
        1.0
      ]
    ],
    [
      [
        1.0,
        -1.982312092252414e-10,
        4.350171778355616e-09,
        0.2482045441865921
      ],
      [
        0.0,
        0.9961946606636047,
        -0.08715575188398361,
        -2.2351741790771484e-08
      ],
      [
        0.0,
        0.08715575188398361,
        0.9961947798728943,
        1.3403047323226929
      ],
      [
        0.0,
        -7.98660693135389e-10,
        1.7526559759062366e-08,
        1.0
      ]
    ],
    [
      [
        1.0,
        2.1892702928294483e-10,
        4.3381067627024095e-09,
        0.25378915667533875
      ],
      [
        0.0,
        0.9961946606636047,
        -0.08715574443340302,
        -1.4901161193847656e-08
      ],
      [
        0.0,
        0.08715574443340302,
        0.9961947202682495,
        1.3479949235916138
      ],
      [
        0.0,
        8.626335201711299e-10,
        1.709334895849679e-08,
        1.0
      ]
    ],
    [
      [
        1.0,
        -2.820422229099506e-10,
        -8.762230940817517e-10,
        0.2594212293624878
      ],
      [
        0.0,
        0.9961946606636047,
        -0.08715574443340302,
        -7.450580596923828e-09
      ],
      [
        0.0,
        0.08715574443340302,
        0.9961947202682495,
        1.3556851148605347
      ],
      [
        0.0,
        -1.0871978872728505e-09,
        -3.377607526999782e-09,
        1.0
      ]
    ],
    [
      [
        1.0,
        6.589730427997154e-10,
        4.809241449521551e-09,
        0.26510077714920044
      ],
      [
        0.0,
        0.9961946606636047,
        -0.08715575188398361,
        -7.450580596923828e-09
      ],
      [
        0.0,
        0.08715575188398361,
        0.9961947798728943,
        1.3633754253387451
      ],
      [
        0.0,
        2.4857453873039503e-09,
        1.814118277820853e-08,
        1.0
      ]
    ],
    [
      [
        1.0,
        -8.869155410096141e-10,
        3.5336533699137362e-09,
        0.2708277702331543
      ],
      [
        0.0,
        0.9961946606636047,
        -0.08715574443340302,
        -7.450580596923828e-09
      ],
      [
        0.0,
        0.08715573698282242,
        0.9961947202682495,
        1.371065616607666
      ],
      [
        0.0,
        -3.2748324052533917e-09,
        1.3047603886207071e-08,
        1.0
      ]
    ],
    [
      [
        1.0,
        3.330754838604122e-10,
        1.0979396947163877e-08,
        0.27660229802131653
      ],
      [
        0.0,
        0.9961946606636047,
        -0.08715574443340302,
        -1.4901161193847656e-08
      ],
      [
        0.0,
        0.08715574443340302,
        0.9961947798728943,
        1.378756046295166
      ],
      [
        0.0,
        1.2041674324336782e-09,
        3.969380202306638e-08,
        1.0
      ]
    ],
    [
      [
        1.0,
        -9.556201385763075e-10,
        -3.736841502899324e-09,
        0.2824241816997528
      ],
      [
        0.0,
        0.9961946606636047,
        -0.08715574443340302,
        -1.468052435171785e-08
      ],
      [
        0.0,
        0.08715574443340302,
        0.9961947202682495,
        1.386446237564087
      ],
      [
        0.0,
        -3.383633817577447e-09,
        -1.3231307605110487e-08,
        0.9999999403953552
      ]
    ],
    [
      [
        1.0,
        2.0538486189547456e-10,
        8.552770047742797e-09,
        0.28829365968704224
      ],
      [
        0.0,
        0.9961946606636047,
        -0.08715575188398361,
        -1.4901161193847656e-08
      ],
      [
        0.0,
        0.08715575188398361,
        0.9961947798728943,
        1.3941365480422974
      ],
      [
        0.0,
        7.124154599580379e-10,
        2.9666868073263686e-08,
        1.0
      ]
    ],
    [
      [
        1.0,
        1.339225952357026e-09,
        1.2530662729659525e-08,
        0.2942105531692505
      ],
      [
        0.0,
        0.9961946606636047,
        -0.08715574443340302,
        -2.2351741790771484e-08
      ],
      [
        0.0,
        0.08715575188398361,
        0.9961947798728943,
        1.4018269777297974
      ],
      [
        0.0,
        4.5519303881746964e-09,
        4.259079844359803e-08,
        1.0
      ]
    ],
    [
      [
        1.0,
        1.2030092477743892e-09,
        8.490578018438555e-09,
        0.30017492175102234
      ],
      [
        0.0,
        0.9961946606636047,
        -0.08715574443340302,
        -2.9802322387695312e-08
      ],
      [
        0.0,
        0.08715575188398361,
        0.9961947202682495,
        1.4095171689987183
      ],
      [
        0.0,
        4.007694176522136e-09,
        2.8285434439112578e-08,
        1.0
      ]
    ],
    [
      [
        1.0,
        -1.3663524756069023e-09,
        -8.315772070943694e-09,
        0.3061867356300354
      ],
      [
        0.0,
        0.9961946606636047,
        -0.08715574443340302,
        -1.484093470338621e-08
      ],
      [
        0.0,
        0.08715573698282242,
        0.9961946606636047,
        1.4172072410583496
      ],
      [
        0.0,
        -4.462480607259067e-09,
        -2.7159149595945564e-08,
        0.9999999403953552
      ]
    ],
    [
      [
        1.0,
        -1.2310539254656305e-09,
        -1.1526061882705108e-08,
        0.31224605441093445
      ],
      [
        0.0,
        0.9961946606636047,
        -0.08715575188398361,
        -2.2331619220494758e-08
      ],
      [
        0.0,
        0.08715574443340302,
        0.9961947202682495,
        1.4248976707458496
      ],
      [
        0.0,
        -3.942576043414192e-09,
        -3.691339145461825e-08,
        0.9999999403953552
      ]
    ],
    [
      [
        1.0,
        -6.227054982765878e-10,
        -2.0949459944574755e-09,
        0.3183528780937195
      ],
      [
        0.0,
        0.9961946606636047,
        -0.08715574443340302,
        0.0
      ],
      [
        0.0,
        0.08715574443340302,
        0.9961947202682495,
        1.432587742805481
      ],
      [
        0.0,
        -1.95602289920771e-09,
        -6.580577860404446e-09,
        1.0
      ]
    ],
    [
      [
        1.0,
        -6.029287069608813e-10,
        -3.1422617841059264e-09,
        0.32450708746910095
      ],
      [
        0.0,
        0.9961946606636047,
        -0.08715574443340302,
        -1.4901161193847656e-08
      ],
      [
        0.0,
        0.08715574443340302,
        0.9961947202682495,
        1.4402780532836914
      ],
      [
        0.0,
        -1.857983100705951e-09,
        -9.683184032382997e-09,
        1.0
      ]
    ],
    [
      [
        1.0,
        -6.527092755170827e-10,
        -8.512306415298099e-09,
        0.3307088315486908
      ],
      [
        0.0,
        0.9961946606636047,
        -0.08715574443340302,
        -1.4901161193847656e-08
      ],
      [
        0.0,
        0.08715574443340302,
        0.9961946606636047,
        1.4479683637619019
      ],
      [
        0.0,
        -1.9736674516934727e-09,
        -2.5739581133166212e-08,
        1.0
      ]
    ],
    [
      [
        1.0,
        -7.068987062375243e-10,
        3.843576124040737e-09,
        0.33695802092552185
      ],
      [
        0.0,
        0.9961946606636047,
        -0.08715574443340302,
        -1.4901161193847656e-08
      ],
      [
        0.0,
        0.08715574443340302,
        0.9961947202682495,
        1.4556586742401123
      ],
      [
        0.0,
        -2.0978836445806337e-09,
        1.140669070309741e-08,
        1.0
      ]
    ],
    [
      [
        1.0,
        -1.1996874604847108e-09,
        -6.605048064045604e-09,
        0.3432546555995941
      ],
      [
        0.0,
        0.9961946606636047,
        -0.08715574443340302,
        -1.4901161193847656e-08
      ],
      [
        0.0,
        0.08715574443340302,
        0.9961947202682495,
        1.4633489847183228
      ],
      [
        0.0,
        -3.4950362604035945e-09,
        -1.9242413884512644e-08,
        1.0
      ]
    ],
    [
      [
        1.0,
        9.89433979192711e-10,
        9.043747084547249e-09,
        0.34959882497787476
      ],
      [
        0.0,
        0.9961946606636047,
        -0.08715575188398361,
        -1.4901161193847656e-08
      ],
      [
        0.0,
        0.08715575188398361,
        0.9961947798728943,
        1.4710394144058228
      ],
      [
        0.0,
        2.830198297942843e-09,
        2.586892833278398e-08,
        1.0
      ]
    ],
    [
      [
        1.0,
        1.3274223942261187e-09,
        2.741979754361523e-09,
        0.3559904396533966
      ],
      [
        0.0,
        0.9961946606636047,
        -0.08715575188398361,
        0.0
      ],
      [
        0.0,
        0.08715575933456421,
        0.9961947798728943,
        1.4787296056747437
      ],
      [
        0.0,
        3.728814590431284e-09,
        7.702396942477208e-09,
        1.0
      ]
    ],
    [
      [
        1.0,
        4.870769343412462e-10,
        -3.908243950689894e-09,
        0.36242949962615967
      ],
      [
        0.0,
        0.9961946606636047,
        -0.08715574443340302,
        -2.9802322387695312e-08
      ],
      [
        0.0,
        0.08715575188398361,
        0.9961947202682495,
        1.4864197969436646
      ],
      [
        0.0,
        1.343921862684283e-09,
        -1.0783459458707512e-08,
        1.0
      ]
    ],
    [
      [
        1.0,
        4.758788363368183e-10,
        -2.488956596380376e-09,
        0.3689160645008087
      ],
      [
        0.0,
        0.9961946606636047,
        -0.08715574443340302,
        -1.4901161193847656e-08
      ],
      [
        0.0,
        0.08715575188398361,
        0.9961947202682495,
        1.494110107421875
      ],
      [
        0.0,
        1.2899379342456996e-09,
        -6.746674330315727e-09,
        1.0
      ]
    ]
  ],
  "height": 476,
  "width": 756
}